INFO flwr 2023-11-03 22:33:43,113 | grpc.py:49 | Opened insecure gRPC connection (no certificates were passed)
DEBUG flwr 2023-11-03 22:33:43,114 | connection.py:42 | ChannelConnectivity.IDLE
DEBUG flwr 2023-11-03 22:33:43,115 | connection.py:42 | ChannelConnectivity.CONNECTING
DEBUG flwr 2023-11-03 22:33:43,122 | connection.py:42 | ChannelConnectivity.READY
===================
['AGE_[41.0, 57.0)', 'AGE_[57.0, 67.0)', 'AGE_[67.0, 78.0)', 'AGE_[78.0, 199.0)', 'PULSE_[68.5, 77.5)', 'PULSE_[77.5, 85.5)', 'PULSE_[85.5, 98.0)', 'PULSE_[98.0, 282.0)', 'BPDIASTOLIC_[62.5, 70.5)', 'BPDIASTOLIC_[70.5, 76.5)', 'BPDIASTOLIC_[76.5, 85.5)', 'BPDIASTOLIC_[85.5, 5898.0)', 'BPSYSTOLIC_[113.5, 126.0)', 'BPSYSTOLIC_[126.0, 137.0)', 'BPSYSTOLIC_[137.0, 153.0)', 'BPSYSTOLIC_[153.0, 1046.0)']
===================
>>>>>>>>>>>>> setting initial parameters
[[0. 0. 0. 0. 0. 0. 0. 0. 0. 0. 0. 0. 0. 0. 0. 0.]
 [0. 0. 0. 0. 0. 0. 0. 0. 0. 0. 0. 0. 0. 0. 0. 0.]]
>>>>>>>>>>>>> printing intermediate parameters
[array([[0., 0., 0., 0., 0., 0., 0., 0., 0., 0., 0., 0., 0., 0., 0., 0.],
       [0., 0., 0., 0., 0., 0., 0., 0., 0., 0., 0., 0., 0., 0., 0., 0.]]), array([0., 0.])]
Training finished for round 1
>>>>>>>>>>>>> evaluating on client-side
>>>>>>>>>>>>> printing final parameters
[array([[-0.43666669, -0.16980785,  0.09306223,  0.54326848, -0.45139883,
        -0.33278686, -0.12186343,  0.53403207, -0.31240866, -0.46211626,
        -0.47817196, -0.32187937, -0.23261703, -0.36373267, -0.46661993,
        -0.4916825 ],
       [-0.43666669, -0.16980785,  0.09306223,  0.54326848, -0.45139883,
        -0.33278686, -0.12186343,  0.53403207, -0.31240866, -0.46211626,
        -0.47817196, -0.32187937, -0.23261703, -0.36373267, -0.46661993,
        -0.4916825 ]]), array([-1.84577651, -1.84577651])]
>>>>>>>>>>>>> printing intermediate parameters
[array([[-0.43666669, -0.16980785,  0.09306223,  0.54326848, -0.45139883,
        -0.33278686, -0.12186343,  0.53403207, -0.31240866, -0.46211626,
        -0.47817196, -0.32187937, -0.23261703, -0.36373267, -0.46661993,
        -0.4916825 ],
       [-0.43666669, -0.16980785,  0.09306223,  0.54326848, -0.45139883,
        -0.33278686, -0.12186343,  0.53403207, -0.31240866, -0.46211626,
        -0.47817196, -0.32187937, -0.23261703, -0.36373267, -0.46661993,
        -0.4916825 ]]), array([-1.84577651, -1.84577651])]
Training finished for round 2
>>>>>>>>>>>>> evaluating on client-side
>>>>>>>>>>>>> printing final parameters
[array([[-0.1843497 ,  0.61884177,  1.31195502,  2.21229414, -0.58935845,
        -0.27209928,  0.21238134,  1.7085616 , -0.69544378, -1.07779992,
        -1.08210971, -0.65529364, -0.58896172, -0.97476036, -1.29145967,
        -1.39759931],
       [-0.1843497 ,  0.61884177,  1.31195502,  2.21229414, -0.58935845,
        -0.27209928,  0.21238134,  1.7085616 , -0.69544378, -1.07779992,
        -1.08210971, -0.65529364, -0.58896172, -0.97476036, -1.29145967,
        -1.39759931]]), array([-5.87757927, -5.87757927])]
>>>>>>>>>>>>> printing intermediate parameters
[array([[-0.1843497 ,  0.61884177,  1.31195502,  2.21229414, -0.58935845,
        -0.27209928,  0.21238134,  1.7085616 , -0.69544378, -1.07779992,
        -1.08210971, -0.65529364, -0.58896172, -0.97476036, -1.29145967,
        -1.39759931],
       [-0.1843497 ,  0.61884177,  1.31195502,  2.21229414, -0.58935845,
        -0.27209928,  0.21238134,  1.7085616 , -0.69544378, -1.07779992,
        -1.08210971, -0.65529364, -0.58896172, -0.97476036, -1.29145967,
        -1.39759931]]), array([-5.87757927, -5.87757927])]
Training finished for round 3
>>>>>>>>>>>>> evaluating on client-side
>>>>>>>>>>>>> printing final parameters
[array([[ 1.03318612,  2.2635202 ,  3.23335058,  4.50249505, -0.37434158,
         0.11731597,  0.83098432,  2.89103476, -0.92759614, -1.47076908,
        -1.4321438 , -0.78404352, -0.91324672, -1.54529126, -2.08843155,
        -2.30223857],
       [ 1.03318612,  2.2635202 ,  3.23335058,  4.50249505, -0.37434158,
         0.11731597,  0.83098432,  2.89103476, -0.92759614, -1.47076908,
        -1.4321438 , -0.78404352, -0.91324672, -1.54529126, -2.08843155,
        -2.30223857]]), array([-10.35353008, -10.35353008])]
>>>>>>>>>>>>> printing intermediate parameters
[array([[ 1.03318612,  2.2635202 ,  3.23335058,  4.50249505, -0.37434158,
         0.11731597,  0.83098432,  2.89103476, -0.92759614, -1.47076908,
        -1.4321438 , -0.78404352, -0.91324672, -1.54529126, -2.08843155,
        -2.30223857],
       [ 1.03318612,  2.2635202 ,  3.23335058,  4.50249505, -0.37434158,
         0.11731597,  0.83098432,  2.89103476, -0.92759614, -1.47076908,
        -1.4321438 , -0.78404352, -0.91324672, -1.54529126, -2.08843155,
        -2.30223857]]), array([-10.35353008, -10.35353008])]
Training finished for round 4
>>>>>>>>>>>>> evaluating on client-side
>>>>>>>>>>>>> printing final parameters
[array([[ 3.03636139,  4.33579302,  5.32644726,  6.69471463,  0.15267489,
         0.69089152,  1.48154626,  3.53558022, -0.88362934, -1.44312169,
        -1.35185968, -0.65099801, -1.02463836, -1.77885276, -2.4437181 ,
        -2.74483593],
       [ 3.03636139,  4.33579302,  5.32644726,  6.69471463,  0.15267489,
         0.69089152,  1.48154626,  3.53558022, -0.88362934, -1.44312169,
        -1.35185968, -0.65099801, -1.02463836, -1.77885276, -2.4437181 ,
        -2.74483593]]), array([-13.50545856, -13.50545856])]
>>>>>>>>>>>>> printing intermediate parameters
[array([[ 3.03636139,  4.33579302,  5.32644726,  6.69471463,  0.15267489,
         0.69089152,  1.48154626,  3.53558022, -0.88362934, -1.44312169,
        -1.35185968, -0.65099801, -1.02463836, -1.77885276, -2.4437181 ,
        -2.74483593],
       [ 3.03636139,  4.33579302,  5.32644726,  6.69471463,  0.15267489,
         0.69089152,  1.48154626,  3.53558022, -0.88362934, -1.44312169,
        -1.35185968, -0.65099801, -1.02463836, -1.77885276, -2.4437181 ,
        -2.74483593]]), array([-13.50545856, -13.50545856])]
Training finished for round 5
>>>>>>>>>>>>> evaluating on client-side
>>>>>>>>>>>>> printing final parameters
[array([[ 5.95732699,  6.8558943 ,  7.61640957,  8.77153726,  0.94379613,
         1.33608278,  1.99403581,  3.50504378, -0.56404481, -0.97178138,
        -0.82943196, -0.29453156, -0.86637227, -1.58272496, -2.17838604,
        -2.51584391],
       [ 5.95732699,  6.8558943 ,  7.61640957,  8.77153726,  0.94379613,
         1.33608278,  1.99403581,  3.50504378, -0.56404481, -0.97178138,
        -0.82943196, -0.29453156, -0.86637227, -1.58272496, -2.17838604,
        -2.51584391]]), array([-15.00722181, -15.00722181])]
>>>>>>>>>>>>> printing intermediate parameters
[array([[ 5.95732699,  6.8558943 ,  7.61640957,  8.77153726,  0.94379613,
         1.33608278,  1.99403581,  3.50504378, -0.56404481, -0.97178138,
        -0.82943196, -0.29453156, -0.86637227, -1.58272496, -2.17838604,
        -2.51584391],
       [ 5.95732699,  6.8558943 ,  7.61640957,  8.77153726,  0.94379613,
         1.33608278,  1.99403581,  3.50504378, -0.56404481, -0.97178138,
        -0.82943196, -0.29453156, -0.86637227, -1.58272496, -2.17838604,
        -2.51584391]]), array([-15.00722181, -15.00722181])]
Training finished for round 6
>>>>>>>>>>>>> evaluating on client-side
>>>>>>>>>>>>> printing final parameters
[array([[ 9.45388851e+00,  9.73467123e+00,  1.00870408e+01,
         1.08031340e+01,  1.29857243e+00,  1.46965736e+00,
         1.85905220e+00,  2.57289210e+00, -1.66599367e-01,
        -3.42210265e-01, -2.17668396e-01,  9.25239995e-03,
        -4.77199558e-01, -9.72922224e-01, -1.34887187e+00,
        -1.61642349e+00],
       [ 9.45388851e+00,  9.73467123e+00,  1.00870408e+01,
         1.08031340e+01,  1.29857243e+00,  1.46965736e+00,
         1.85905220e+00,  2.57289210e+00, -1.66599367e-01,
        -3.42210265e-01, -2.17668396e-01,  9.25239995e-03,
        -4.77199558e-01, -9.72922224e-01, -1.34887187e+00,
        -1.61642349e+00]]), array([-15.02526967, -15.02526967])]
>>>>>>>>>>>>> printing intermediate parameters
[array([[ 9.45388851e+00,  9.73467123e+00,  1.00870408e+01,
         1.08031340e+01,  1.29857243e+00,  1.46965736e+00,
         1.85905220e+00,  2.57289210e+00, -1.66599367e-01,
        -3.42210265e-01, -2.17668396e-01,  9.25239995e-03,
        -4.77199558e-01, -9.72922224e-01, -1.34887187e+00,
        -1.61642349e+00],
       [ 9.45388851e+00,  9.73467123e+00,  1.00870408e+01,
         1.08031340e+01,  1.29857243e+00,  1.46965736e+00,
         1.85905220e+00,  2.57289210e+00, -1.66599367e-01,
        -3.42210265e-01, -2.17668396e-01,  9.25239995e-03,
        -4.77199558e-01, -9.72922224e-01, -1.34887187e+00,
        -1.61642349e+00]]), array([-15.02526967, -15.02526967])]
Training finished for round 7
>>>>>>>>>>>>> evaluating on client-side
>>>>>>>>>>>>> printing final parameters
[array([[12.82282362, 12.62920565, 12.60313386, 12.86790321,  1.00425246,
         1.01583098,  1.15501365,  1.16755091,  0.1056827 ,  0.11542381,
         0.1750206 ,  0.14591284, -0.08951819, -0.29390373, -0.43625821,
        -0.57411591],
       [12.82282362, 12.62920565, 12.60313386, 12.86790321,  1.00425246,
         1.01583098,  1.15501365,  1.16755091,  0.1056827 ,  0.11542381,
         0.1750206 ,  0.14591284, -0.08951819, -0.29390373, -0.43625821,
        -0.57411591]]), array([-14.57967848, -14.57967848])]
>>>>>>>>>>>>> printing intermediate parameters
[array([[12.82282362, 12.62920565, 12.60313386, 12.86790321,  1.00425246,
         1.01583098,  1.15501365,  1.16755091,  0.1056827 ,  0.11542381,
         0.1750206 ,  0.14591284, -0.08951819, -0.29390373, -0.43625821,
        -0.57411591],
       [12.82282362, 12.62920565, 12.60313386, 12.86790321,  1.00425246,
         1.01583098,  1.15501365,  1.16755091,  0.1056827 ,  0.11542381,
         0.1750206 ,  0.14591284, -0.08951819, -0.29390373, -0.43625821,
        -0.57411591]]), array([-14.57967848, -14.57967848])]
Training finished for round 8
>>>>>>>>>>>>> evaluating on client-side
>>>>>>>>>>>>> printing final parameters
[array([[ 1.54693942e+01,  1.52089672e+01,  1.50222391e+01,
         1.50606814e+01,  2.03212977e-01,  1.99341565e-01,
         2.44112584e-01, -4.54129142e-03,  1.26350770e-01,
         1.88612452e-01,  1.67883568e-01,  6.34262152e-02,
         1.02397739e-01,  1.10913797e-01,  8.82559291e-02,
         7.31447435e-02],
       [ 1.54693942e+01,  1.52089672e+01,  1.50222391e+01,
         1.50606814e+01,  2.03212977e-01,  1.99341565e-01,
         2.44112584e-01, -4.54129142e-03,  1.26350770e-01,
         1.88612452e-01,  1.67883568e-01,  6.34262152e-02,
         1.02397739e-01,  1.10913797e-01,  8.82559291e-02,
         7.31447435e-02]]), array([-15.01839727, -15.01839727])]
>>>>>>>>>>>>> printing intermediate parameters
[array([[ 1.54693942e+01,  1.52089672e+01,  1.50222391e+01,
         1.50606814e+01,  2.03212977e-01,  1.99341565e-01,
         2.44112584e-01, -4.54129142e-03,  1.26350770e-01,
         1.88612452e-01,  1.67883568e-01,  6.34262152e-02,
         1.02397739e-01,  1.10913797e-01,  8.82559291e-02,
         7.31447435e-02],
       [ 1.54693942e+01,  1.52089672e+01,  1.50222391e+01,
         1.50606814e+01,  2.03212977e-01,  1.99341565e-01,
         2.44112584e-01, -4.54129142e-03,  1.26350770e-01,
         1.88612452e-01,  1.67883568e-01,  6.34262152e-02,
         1.02397739e-01,  1.10913797e-01,  8.82559291e-02,
         7.31447435e-02]]), array([-15.01839727, -15.01839727])]
Training finished for round 9
>>>>>>>>>>>>> evaluating on client-side
>>>>>>>>>>>>> printing final parameters
[array([[17.24956336, 17.25273166, 17.19773815, 17.3413458 , -1.04566509,
        -0.95472878, -0.81958959, -0.59722172, -0.15091643, -0.19223992,
        -0.29324864, -0.29805542,  0.07134839,  0.12253096,  0.09940548,
         0.15055651],
       [17.24956336, 17.25273166, 17.19773815, 17.3413458 , -1.04566509,
        -0.95472878, -0.81958959, -0.59722172, -0.15091643, -0.19223992,
        -0.29324864, -0.29805542,  0.07134839,  0.12253096,  0.09940548,
         0.15055651]]), array([-16.9629988, -16.9629988])]
>>>>>>>>>>>>> printing intermediate parameters
[array([[17.24956336, 17.25273166, 17.19773815, 17.3413458 , -1.04566509,
        -0.95472878, -0.81958959, -0.59722172, -0.15091643, -0.19223992,
        -0.29324864, -0.29805542,  0.07134839,  0.12253096,  0.09940548,
         0.15055651],
       [17.24956336, 17.25273166, 17.19773815, 17.3413458 , -1.04566509,
        -0.95472878, -0.81958959, -0.59722172, -0.15091643, -0.19223992,
        -0.29324864, -0.29805542,  0.07134839,  0.12253096,  0.09940548,
         0.15055651]]), array([-16.9629988, -16.9629988])]
Training finished for round 10
>>>>>>>>>>>>> evaluating on client-side
>>>>>>>>>>>>> printing final parameters
[array([[18.16249506, 18.76370522, 19.14102546, 19.58728526, -2.21004234,
        -1.8506549 , -1.3622337 , -0.23841414, -0.61700498, -0.91029368,
        -1.06981874, -0.78413021, -0.20216197, -0.27693623, -0.49764333,
        -0.46936677],
       [18.16249506, 18.76370522, 19.14102546, 19.58728526, -2.21004234,
        -1.8506549 , -1.3622337 , -0.23841414, -0.61700498, -0.91029368,
        -1.06981874, -0.78413021, -0.20216197, -0.27693623, -0.49764333,
        -0.46936677]]), array([-20.4644584, -20.4644584])]
>>>>>>>>>>>>> printing intermediate parameters
[array([[18.16249506, 18.76370522, 19.14102546, 19.58728526, -2.21004234,
        -1.8506549 , -1.3622337 , -0.23841414, -0.61700498, -0.91029368,
        -1.06981874, -0.78413021, -0.20216197, -0.27693623, -0.49764333,
        -0.46936677],
       [18.16249506, 18.76370522, 19.14102546, 19.58728526, -2.21004234,
        -1.8506549 , -1.3622337 , -0.23841414, -0.61700498, -0.91029368,
        -1.06981874, -0.78413021, -0.20216197, -0.27693623, -0.49764333,
        -0.46936677]]), array([-20.4644584, -20.4644584])]
Training finished for round 11
>>>>>>>>>>>>> evaluating on client-side
>>>>>>>>>>>>> printing final parameters
[array([[18.72499171, 19.9185463 , 20.74770992, 21.61636031, -2.26133107,
        -1.66933034, -0.85838613,  1.05571067, -0.98319158, -1.51770431,
        -1.63884261, -1.03959427, -0.61757304, -0.95899442, -1.44167649,
        -1.5230228 ],
       [18.72499171, 19.9185463 , 20.74770992, 21.61636031, -2.26133107,
        -1.66933034, -0.85838613,  1.05571067, -0.98319158, -1.51770431,
        -1.63884261, -1.03959427, -0.61757304, -0.95899442, -1.44167649,
        -1.5230228 ]]), array([-24.92652156, -24.92652156])]
>>>>>>>>>>>>> printing intermediate parameters
[array([[18.72499171, 19.9185463 , 20.74770992, 21.61636031, -2.26133107,
        -1.66933034, -0.85838613,  1.05571067, -0.98319158, -1.51770431,
        -1.63884261, -1.03959427, -0.61757304, -0.95899442, -1.44167649,
        -1.5230228 ],
       [18.72499171, 19.9185463 , 20.74770992, 21.61636031, -2.26133107,
        -1.66933034, -0.85838613,  1.05571067, -0.98319158, -1.51770431,
        -1.63884261, -1.03959427, -0.61757304, -0.95899442, -1.44167649,
        -1.5230228 ]]), array([-24.92652156, -24.92652156])]
Training finished for round 12
>>>>>>>>>>>>> evaluating on client-side
>>>>>>>>>>>>> printing final parameters
[array([[19.66647498, 21.10749659, 22.21376332, 23.41493756, -1.21158376,
        -0.55979312,  0.38978152,  2.59671073, -1.05472351, -1.69828215,
        -1.69852485, -0.93770154, -0.96316129, -1.58146358, -2.25760701,
        -2.48622502],
       [19.66647498, 21.10749659, 22.21376332, 23.41493756, -1.21158376,
        -0.55979312,  0.38978152,  2.59671073, -1.05472351, -1.69828215,
        -1.69852485, -0.93770154, -0.96316129, -1.58146358, -2.25760701,
        -2.48622502]]), array([-29.07634225, -29.07634225])]
>>>>>>>>>>>>> printing intermediate parameters
[array([[19.66647498, 21.10749659, 22.21376332, 23.41493756, -1.21158376,
        -0.55979312,  0.38978152,  2.59671073, -1.05472351, -1.69828215,
        -1.69852485, -0.93770154, -0.96316129, -1.58146358, -2.25760701,
        -2.48622502],
       [19.66647498, 21.10749659, 22.21376332, 23.41493756, -1.21158376,
        -0.55979312,  0.38978152,  2.59671073, -1.05472351, -1.69828215,
        -1.69852485, -0.93770154, -0.96316129, -1.58146358, -2.25760701,
        -2.48622502]]), array([-29.07634225, -29.07634225])]
Training finished for round 13
>>>>>>>>>>>>> evaluating on client-side
>>>>>>>>>>>>> printing final parameters
[array([[21.42898022, 22.73407491, 23.77365378, 25.06101805,  0.47799677,
         0.99621747,  1.80759165,  3.67873858, -0.79429622, -1.35297483,
        -1.20222795, -0.48161945, -1.07372753, -1.85179684, -2.54798968,
        -2.90108269],
       [21.42898022, 22.73407491, 23.77365378, 25.06101805,  0.47799677,
         0.99621747,  1.80759165,  3.67873858, -0.79429622, -1.35297483,
        -1.20222795, -0.48161945, -1.07372753, -1.85179684, -2.54798968,
        -2.90108269]]), array([-31.86854577, -31.86854577])]
>>>>>>>>>>>>> printing intermediate parameters
[array([[21.42898022, 22.73407491, 23.77365378, 25.06101805,  0.47799677,
         0.99621747,  1.80759165,  3.67873858, -0.79429622, -1.35297483,
        -1.20222795, -0.48161945, -1.07372753, -1.85179684, -2.54798968,
        -2.90108269],
       [21.42898022, 22.73407491, 23.77365378, 25.06101805,  0.47799677,
         0.99621747,  1.80759165,  3.67873858, -0.79429622, -1.35297483,
        -1.20222795, -0.48161945, -1.07372753, -1.85179684, -2.54798968,
        -2.90108269]]), array([-31.86854577, -31.86854577])]
Training finished for round 14
>>>>>>>>>>>>> evaluating on client-side
>>>>>>>>>>>>> printing final parameters
[array([[24.1161901 , 24.77370601, 25.47909102, 26.59381773,  2.26026378,
         2.46111715,  2.91975646,  4.0264051 , -0.28358403, -0.5853546 ,
        -0.31963783,  0.11662632, -0.88030459, -1.65331673, -2.15404828,
        -2.55589568],
       [24.1161901 , 24.77370601, 25.47909102, 26.59381773,  2.26026378,
         2.46111715,  2.91975646,  4.0264051 , -0.28358403, -0.5853546 ,
        -0.31963783,  0.11662632, -0.88030459, -1.65331673, -2.15404828,
        -2.55589568]]), array([-33.0266275, -33.0266275])]
>>>>>>>>>>>>> printing intermediate parameters
[array([[24.1161901 , 24.77370601, 25.47909102, 26.59381773,  2.26026378,
         2.46111715,  2.91975646,  4.0264051 , -0.28358403, -0.5853546 ,
        -0.31963783,  0.11662632, -0.88030459, -1.65331673, -2.15404828,
        -2.55589568],
       [24.1161901 , 24.77370601, 25.47909102, 26.59381773,  2.26026378,
         2.46111715,  2.91975646,  4.0264051 , -0.28358403, -0.5853546 ,
        -0.31963783,  0.11662632, -0.88030459, -1.65331673, -2.15404828,
        -2.55589568]]), array([-33.0266275, -33.0266275])]
Training finished for round 15
>>>>>>>>>>>>> evaluating on client-side
>>>>>>>>>>>>> printing final parameters
[array([[27.24979891, 27.19243322, 27.37262316, 28.0852714 ,  2.95854774,
         2.87638903,  2.95030527,  3.23393184,  0.08455933,  0.05184648,
         0.29376933,  0.37431593, -0.41831067, -0.92720498, -1.11241646,
        -1.39282549],
       [27.24979891, 27.19243322, 27.37262316, 28.0852714 ,  2.95854774,
         2.87638903,  2.95030527,  3.23393184,  0.08455933,  0.05184648,
         0.29376933,  0.37431593, -0.41831067, -0.92720498, -1.11241646,
        -1.39282549]]), array([-32.66686711, -32.66686711])]
>>>>>>>>>>>>> printing intermediate parameters
[array([[27.24979891, 27.19243322, 27.37262316, 28.0852714 ,  2.95854774,
         2.87638903,  2.95030527,  3.23393184,  0.08455933,  0.05184648,
         0.29376933,  0.37431593, -0.41831067, -0.92720498, -1.11241646,
        -1.39282549],
       [27.24979891, 27.19243322, 27.37262316, 28.0852714 ,  2.95854774,
         2.87638903,  2.95030527,  3.23393184,  0.08455933,  0.05184648,
         0.29376933,  0.37431593, -0.41831067, -0.92720498, -1.11241646,
        -1.39282549]]), array([-32.66686711, -32.66686711])]
Training finished for round 16
>>>>>>>>>>>>> evaluating on client-side
>>>>>>>>>>>>> printing final parameters
[array([[ 3.00855063e+01,  2.96624499e+01,  2.93790462e+01,
         2.96668958e+01,  2.08426323e+00,  1.94673434e+00,
         1.82153427e+00,  1.64711171e+00,  1.77522936e-01,
         2.77863976e-01,  3.58990081e-01,  2.22526815e-01,
         2.87409913e-02, -1.24720672e-01, -7.21802921e-02,
        -1.44537593e-01],
       [ 3.00855063e+01,  2.96624499e+01,  2.93790462e+01,
         2.96668958e+01,  2.08426323e+00,  1.94673434e+00,
         1.82153427e+00,  1.64711171e+00,  1.77522936e-01,
         2.77863976e-01,  3.58990081e-01,  2.22526815e-01,
         2.87409913e-02, -1.24720672e-01, -7.21802921e-02,
        -1.44537593e-01]]), array([-31.73673734, -31.73673734])]
>>>>>>>>>>>>> printing intermediate parameters
[array([[ 3.00855063e+01,  2.96624499e+01,  2.93790462e+01,
         2.96668958e+01,  2.08426323e+00,  1.94673434e+00,
         1.82153427e+00,  1.64711171e+00,  1.77522936e-01,
         2.77863976e-01,  3.58990081e-01,  2.22526815e-01,
         2.87409913e-02, -1.24720672e-01, -7.21802921e-02,
        -1.44537593e-01],
       [ 3.00855063e+01,  2.96624499e+01,  2.93790462e+01,
         2.96668958e+01,  2.08426323e+00,  1.94673434e+00,
         1.82153427e+00,  1.64711171e+00,  1.77522936e-01,
         2.77863976e-01,  3.58990081e-01,  2.22526815e-01,
         2.87409913e-02, -1.24720672e-01, -7.21802921e-02,
        -1.44537593e-01]]), array([-31.73673734, -31.73673734])]
Training finished for round 17
>>>>>>>>>>>>> evaluating on client-side
>>>>>>>>>>>>> printing final parameters
[array([[ 3.20353343e+01,  3.17219829e+01,  3.13821020e+01,
         3.14330058e+01,  4.36617263e-01,  4.43015748e-01,
         3.99640642e-01,  3.17491156e-01, -1.06945262e-02,
         3.51190681e-02, -8.66912432e-02, -2.47947258e-01,
         2.86476500e-01,  3.76843358e-01,  4.83662798e-01,
         5.98030510e-01],
       [ 3.20353343e+01,  3.17219829e+01,  3.13821020e+01,
         3.14330058e+01,  4.36617263e-01,  4.43015748e-01,
         3.99640642e-01,  3.17491156e-01, -1.06945262e-02,
         3.51190681e-02, -8.66912432e-02, -2.47947258e-01,
         2.86476500e-01,  3.76843358e-01,  4.83662798e-01,
         5.98030510e-01]]), array([-31.85718195, -31.85718195])]
>>>>>>>>>>>>> printing intermediate parameters
[array([[ 3.20353343e+01,  3.17219829e+01,  3.13821020e+01,
         3.14330058e+01,  4.36617263e-01,  4.43015748e-01,
         3.99640642e-01,  3.17491156e-01, -1.06945262e-02,
         3.51190681e-02, -8.66912432e-02, -2.47947258e-01,
         2.86476500e-01,  3.76843358e-01,  4.83662798e-01,
         5.98030510e-01],
       [ 3.20353343e+01,  3.17219829e+01,  3.13821020e+01,
         3.14330058e+01,  4.36617263e-01,  4.43015748e-01,
         3.99640642e-01,  3.17491156e-01, -1.06945262e-02,
         3.51190681e-02, -8.66912432e-02, -2.47947258e-01,
         2.86476500e-01,  3.76843358e-01,  4.83662798e-01,
         5.98030510e-01]]), array([-31.85718195, -31.85718195])]
Training finished for round 18
>>>>>>>>>>>>> evaluating on client-side
>>>>>>>>>>>>> printing final parameters
[array([[33.08712412, 33.23983862, 33.21049304, 33.3368372 , -1.70076427,
        -1.43510102, -1.15838744, -0.50383891, -0.48100286, -0.67190918,
        -0.97520584, -0.97715826,  0.30995688,  0.45715072,  0.44693362,
         0.66132289],
       [33.08712412, 33.23983862, 33.21049304, 33.3368372 , -1.70076427,
        -1.43510102, -1.15838744, -0.50383891, -0.48100286, -0.67190918,
        -0.97520584, -0.97715826,  0.30995688,  0.45715072,  0.44693362,
         0.66132289]]), array([-33.39779541, -33.39779541])]
>>>>>>>>>>>>> printing intermediate parameters
[array([[33.08712412, 33.23983862, 33.21049304, 33.3368372 , -1.70076427,
        -1.43510102, -1.15838744, -0.50383891, -0.48100286, -0.67190918,
        -0.97520584, -0.97715826,  0.30995688,  0.45715072,  0.44693362,
         0.66132289],
       [33.08712412, 33.23983862, 33.21049304, 33.3368372 , -1.70076427,
        -1.43510102, -1.15838744, -0.50383891, -0.48100286, -0.67190918,
        -0.97520584, -0.97715826,  0.30995688,  0.45715072,  0.44693362,
         0.66132289]]), array([-33.39779541, -33.39779541])]
Training finished for round 19
>>>>>>>>>>>>> evaluating on client-side
>>>>>>>>>>>>> printing final parameters
[array([[ 3.33447440e+01,  3.42494745e+01,  3.47791010e+01,
         3.52076026e+01, -3.24147673e+00, -2.55618675e+00,
        -1.76299515e+00, -3.36998152e-01, -9.95900931e-01,
        -1.53360140e+00, -1.90710414e+00, -1.55984242e+00,
        -3.59513011e-02, -2.30299946e-02, -3.38703662e-01,
        -1.56572092e-01],
       [ 3.33447440e+01,  3.42494745e+01,  3.47791010e+01,
         3.52076026e+01, -3.24147673e+00, -2.55618675e+00,
        -1.76299515e+00, -3.36998152e-01, -9.95900931e-01,
        -1.53360140e+00, -1.90710414e+00, -1.55984242e+00,
        -3.59513011e-02, -2.30299946e-02, -3.38703662e-01,
        -1.56572092e-01]]), array([-36.37242329, -36.37242329])]
>>>>>>>>>>>>> printing intermediate parameters
[array([[ 3.33447440e+01,  3.42494745e+01,  3.47791010e+01,
         3.52076026e+01, -3.24147673e+00, -2.55618675e+00,
        -1.76299515e+00, -3.36998152e-01, -9.95900931e-01,
        -1.53360140e+00, -1.90710414e+00, -1.55984242e+00,
        -3.59513011e-02, -2.30299946e-02, -3.38703662e-01,
        -1.56572092e-01],
       [ 3.33447440e+01,  3.42494745e+01,  3.47791010e+01,
         3.52076026e+01, -3.24147673e+00, -2.55618675e+00,
        -1.76299515e+00, -3.36998152e-01, -9.95900931e-01,
        -1.53360140e+00, -1.90710414e+00, -1.55984242e+00,
        -3.59513011e-02, -2.30299946e-02, -3.38703662e-01,
        -1.56572092e-01]]), array([-36.37242329, -36.37242329])]
Training finished for round 20
>>>>>>>>>>>>> evaluating on client-side
>>>>>>>>>>>>> printing final parameters
[array([[33.46713508, 34.94926938, 35.97751653, 36.83332262, -3.15037078,
        -2.20402132, -1.1141445 ,  0.8391044 , -1.24341623, -2.0114334 ,
        -2.25787295, -1.59152375, -0.58786713, -0.89046122, -1.50737401,
        -1.50084722],
       [33.46713508, 34.94926938, 35.97751653, 36.83332262, -3.15037078,
        -2.20402132, -1.1141445 ,  0.8391044 , -1.24341623, -2.0114334 ,
        -2.25787295, -1.59152375, -0.58786713, -0.89046122, -1.50737401,
        -1.50084722]]), array([-40.1544043, -40.1544043])]
>>>>>>>>>>>>> printing intermediate parameters
[array([[33.46713508, 34.94926938, 35.97751653, 36.83332262, -3.15037078,
        -2.20402132, -1.1141445 ,  0.8391044 , -1.24341623, -2.0114334 ,
        -2.25787295, -1.59152375, -0.58786713, -0.89046122, -1.50737401,
        -1.50084722],
       [33.46713508, 34.94926938, 35.97751653, 36.83332262, -3.15037078,
        -2.20402132, -1.1141445 ,  0.8391044 , -1.24341623, -2.0114334 ,
        -2.25787295, -1.59152375, -0.58786713, -0.89046122, -1.50737401,
        -1.50084722]]), array([-40.1544043, -40.1544043])]
Training finished for round 21
>>>>>>>>>>>>> evaluating on client-side
>>>>>>>>>>>>> printing final parameters
[array([[34.12943146, 35.71208035, 36.96728634, 38.15043925, -1.49341256,
        -0.65367438,  0.41064588,  2.38485173, -1.08603053, -1.83862535,
        -1.81237494, -1.0156379 , -1.07612789, -1.7122421 , -2.50218321,
        -2.74639327],
       [34.12943146, 35.71208035, 36.96728634, 38.15043925, -1.49341256,
        -0.65367438,  0.41064588,  2.38485173, -1.08603053, -1.83862535,
        -1.81237494, -1.0156379 , -1.07612789, -1.7122421 , -2.50218321,
        -2.74639327]]), array([-43.55710901, -43.55710901])]
>>>>>>>>>>>>> printing intermediate parameters
[array([[34.12943146, 35.71208035, 36.96728634, 38.15043925, -1.49341256,
        -0.65367438,  0.41064588,  2.38485173, -1.08603053, -1.83862535,
        -1.81237494, -1.0156379 , -1.07612789, -1.7122421 , -2.50218321,
        -2.74639327],
       [34.12943146, 35.71208035, 36.96728634, 38.15043925, -1.49341256,
        -0.65367438,  0.41064588,  2.38485173, -1.08603053, -1.83862535,
        -1.81237494, -1.0156379 , -1.07612789, -1.7122421 , -2.50218321,
        -2.74639327]]), array([-43.55710901, -43.55710901])]
Training finished for round 22
>>>>>>>>>>>>> evaluating on client-side
>>>>>>>>>>>>> printing final parameters
[array([[ 3.56895239e+01,  3.69192787e+01,  3.79806741e+01,
         3.92553683e+01,  9.04427160e-01,  1.35312851e+00,
         2.05413107e+00,  3.54360432e+00, -5.75252456e-01,
        -1.05530783e+00, -7.36534349e-01, -2.59517180e-02,
        -1.28113517e+00, -2.12674244e+00, -2.86370568e+00,
        -3.33427151e+00],
       [ 3.56895239e+01,  3.69192787e+01,  3.79806741e+01,
         3.92553683e+01,  9.04427160e-01,  1.35312851e+00,
         2.05413107e+00,  3.54360432e+00, -5.75252456e-01,
        -1.05530783e+00, -7.36534349e-01, -2.59517180e-02,
        -1.28113517e+00, -2.12674244e+00, -2.86370568e+00,
        -3.33427151e+00]]), array([-45.64068031, -45.64068031])]
>>>>>>>>>>>>> printing intermediate parameters
[array([[ 3.56895239e+01,  3.69192787e+01,  3.79806741e+01,
         3.92553683e+01,  9.04427160e-01,  1.35312851e+00,
         2.05413107e+00,  3.54360432e+00, -5.75252456e-01,
        -1.05530783e+00, -7.36534349e-01, -2.59517180e-02,
        -1.28113517e+00, -2.12674244e+00, -2.86370568e+00,
        -3.33427151e+00],
       [ 3.56895239e+01,  3.69192787e+01,  3.79806741e+01,
         3.92553683e+01,  9.04427160e-01,  1.35312851e+00,
         2.05413107e+00,  3.54360432e+00, -5.75252456e-01,
        -1.05530783e+00, -7.36534349e-01, -2.59517180e-02,
        -1.28113517e+00, -2.12674244e+00, -2.86370568e+00,
        -3.33427151e+00]]), array([-45.64068031, -45.64068031])]
Training finished for round 23
>>>>>>>>>>>>> evaluating on client-side
>>>>>>>>>>>>> printing final parameters
[array([[ 3.81029456e+01,  3.84988342e+01,  3.91049076e+01,
         4.02223776e+01,  3.01748390e+00,  2.93872686e+00,
         3.13985683e+00,  3.92291977e+00,  6.95760361e-02,
        -1.35146356e-02,  4.43498036e-01,  8.22735157e-01,
        -1.04401882e+00, -1.88633654e+00, -2.32517156e+00,
        -2.85764719e+00],
       [ 3.81029456e+01,  3.84988342e+01,  3.91049076e+01,
         4.02223776e+01,  3.01748390e+00,  2.93872686e+00,
         3.13985683e+00,  3.92291977e+00,  6.95760361e-02,
        -1.35146356e-02,  4.43498036e-01,  8.22735157e-01,
        -1.04401882e+00, -1.88633654e+00, -2.32517156e+00,
        -2.85764719e+00]]), array([-46.17169896, -46.17169896])]
>>>>>>>>>>>>> printing intermediate parameters
[array([[ 3.81029456e+01,  3.84988342e+01,  3.91049076e+01,
         4.02223776e+01,  3.01748390e+00,  2.93872686e+00,
         3.13985683e+00,  3.92291977e+00,  6.95760361e-02,
        -1.35146356e-02,  4.43498036e-01,  8.22735157e-01,
        -1.04401882e+00, -1.88633654e+00, -2.32517156e+00,
        -2.85764719e+00],
       [ 3.81029456e+01,  3.84988342e+01,  3.91049076e+01,
         4.02223776e+01,  3.01748390e+00,  2.93872686e+00,
         3.13985683e+00,  3.92291977e+00,  6.95760361e-02,
        -1.35146356e-02,  4.43498036e-01,  8.22735157e-01,
        -1.04401882e+00, -1.88633654e+00, -2.32517156e+00,
        -2.85764719e+00]]), array([-46.17169896, -46.17169896])]
Training finished for round 24
>>>>>>>>>>>>> evaluating on client-side
>>>>>>>>>>>>> printing final parameters
[array([[40.77282506, 40.36965488, 40.42357653, 41.1713726 ,  3.74641486,
         3.27358158,  3.087205  ,  3.26142814,  0.40846141,  0.58945887,
         0.95682668,  0.95821273, -0.48199275, -1.04389157, -1.11667166,
        -1.488118  ],
       [40.77282506, 40.36965488, 40.42357653, 41.1713726 ,  3.74641486,
         3.27358158,  3.087205  ,  3.26142814,  0.40846141,  0.58945887,
         0.95682668,  0.95821273, -0.48199275, -1.04389157, -1.11667166,
        -1.488118  ]]), array([-45.39650283, -45.39650283])]
>>>>>>>>>>>>> printing intermediate parameters
DEBUG flwr 2023-11-03 22:33:47,272 | connection.py:139 | gRPC channel closed
INFO flwr 2023-11-03 22:33:47,272 | app.py:215 | Disconnect and shut down
[array([[40.77282506, 40.36965488, 40.42357653, 41.1713726 ,  3.74641486,
         3.27358158,  3.087205  ,  3.26142814,  0.40846141,  0.58945887,
         0.95682668,  0.95821273, -0.48199275, -1.04389157, -1.11667166,
        -1.488118  ],
       [40.77282506, 40.36965488, 40.42357653, 41.1713726 ,  3.74641486,
         3.27358158,  3.087205  ,  3.26142814,  0.40846141,  0.58945887,
         0.95682668,  0.95821273, -0.48199275, -1.04389157, -1.11667166,
        -1.488118  ]]), array([-45.39650283, -45.39650283])]
Training finished for round 25
>>>>>>>>>>>>> evaluating on client-side
>>>>>>>>>>>>> printing final parameters
[array([[ 4.26664057e+01,  4.23327115e+01,  4.20508551e+01,
         4.23089775e+01,  2.65612326e+00,  2.26874210e+00,
         2.04178399e+00,  1.89502834e+00,  2.39304485e-01,
         3.37241179e-01,  4.13456555e-01,  3.02634593e-01,
         1.04197686e-01, -2.77180681e-02,  5.01594409e-02,
        -1.38336247e-02],
       [ 4.26664057e+01,  4.23327115e+01,  4.20508551e+01,
         4.23089775e+01,  2.65612326e+00,  2.26874210e+00,
         2.04178399e+00,  1.89502834e+00,  2.39304485e-01,
         3.37241179e-01,  4.13456555e-01,  3.02634593e-01,
         1.04197686e-01, -2.77180681e-02,  5.01594409e-02,
        -1.38336247e-02]]), array([-44.37887616, -44.37887616])]
>>>>>>>>>>>>> printing intermediate parameters
[array([[ 4.26664057e+01,  4.23327115e+01,  4.20508551e+01,
         4.23089775e+01,  2.65612326e+00,  2.26874210e+00,
         2.04178399e+00,  1.89502834e+00,  2.39304485e-01,
         3.37241179e-01,  4.13456555e-01,  3.02634593e-01,
         1.04197686e-01, -2.77180681e-02,  5.01594409e-02,
        -1.38336247e-02],
       [ 4.26664057e+01,  4.23327115e+01,  4.20508551e+01,
         4.23089775e+01,  2.65612326e+00,  2.26874210e+00,
         2.04178399e+00,  1.89502834e+00,  2.39304485e-01,
         3.37241179e-01,  4.13456555e-01,  3.02634593e-01,
         1.04197686e-01, -2.77180681e-02,  5.01594409e-02,
        -1.38336247e-02]]), array([-44.37887616, -44.37887616])]
Training finished for round 26
>>>>>>>>>>>>> evaluating on client-side
>>>>>>>>>>>>> printing final parameters
[array([[43.65904304, 43.8544234 , 43.64753529, 43.62752512,  0.59455817,
         0.62877415,  0.71046378,  0.76017662, -0.24321483, -0.42739881,
        -0.68577296, -0.71487079,  0.47155191,  0.64606889,  0.66416883,
         0.88253401],
       [43.65904304, 43.8544234 , 43.64753529, 43.62752512,  0.59455817,
         0.62877415,  0.71046378,  0.76017662, -0.24321483, -0.42739881,
        -0.68577296, -0.71487079,  0.47155191,  0.64606889,  0.66416883,
         0.88253401]]), array([-44.47823272, -44.47823272])]
>>>>>>>>>>>>> printing intermediate parameters
[array([[43.65904304, 43.8544234 , 43.64753529, 43.62752512,  0.59455817,
         0.62877415,  0.71046378,  0.76017662, -0.24321483, -0.42739881,
        -0.68577296, -0.71487079,  0.47155191,  0.64606889,  0.66416883,
         0.88253401],
       [43.65904304, 43.8544234 , 43.64753529, 43.62752512,  0.59455817,
         0.62877415,  0.71046378,  0.76017662, -0.24321483, -0.42739881,
        -0.68577296, -0.71487079,  0.47155191,  0.64606889,  0.66416883,
         0.88253401]]), array([-44.47823272, -44.47823272])]
Training finished for round 27
>>>>>>>>>>>>> evaluating on client-side
>>>>>>>>>>>>> printing final parameters
[array([[ 4.39814619e+01,  4.48324258e+01,  4.50138220e+01,
         4.50492411e+01, -1.94334132e+00, -1.35531321e+00,
        -7.58500654e-01,  3.55326081e-02, -9.59584431e-01,
        -1.54319333e+00, -2.06990356e+00, -1.88762394e+00,
         5.49960762e-01,  8.28932659e-01,  6.58697098e-01,
         1.05374561e+00],
       [ 4.39814619e+01,  4.48324258e+01,  4.50138220e+01,
         4.50492411e+01, -1.94334132e+00, -1.35531321e+00,
        -7.58500654e-01,  3.55326081e-02, -9.59584431e-01,
        -1.54319333e+00, -2.06990356e+00, -1.88762394e+00,
         5.49960762e-01,  8.28932659e-01,  6.58697098e-01,
         1.05374561e+00]]), array([-45.84484718, -45.84484718])]
>>>>>>>>>>>>> printing intermediate parameters
[array([[ 4.39814619e+01,  4.48324258e+01,  4.50138220e+01,
         4.50492411e+01, -1.94334132e+00, -1.35531321e+00,
        -7.58500654e-01,  3.55326081e-02, -9.59584431e-01,
        -1.54319333e+00, -2.06990356e+00, -1.88762394e+00,
         5.49960762e-01,  8.28932659e-01,  6.58697098e-01,
         1.05374561e+00],
       [ 4.39814619e+01,  4.48324258e+01,  4.50138220e+01,
         4.50492411e+01, -1.94334132e+00, -1.35531321e+00,
        -7.58500654e-01,  3.55326081e-02, -9.59584431e-01,
        -1.54319333e+00, -2.06990356e+00, -1.88762394e+00,
         5.49960762e-01,  8.28932659e-01,  6.58697098e-01,
         1.05374561e+00]]), array([-45.84484718, -45.84484718])]
Training finished for round 28
>>>>>>>>>>>>> evaluating on client-side
>>>>>>>>>>>>> printing final parameters
[array([[43.9458729 , 45.28831397, 45.95087973, 46.35414588, -3.44333001,
        -2.37600177, -1.36620273,  0.21721648, -1.46979047, -2.34326967,
        -2.90196153, -2.45563298,  0.1280348 ,  0.22892825, -0.1920539 ,
         0.17171819],
       [43.9458729 , 45.28831397, 45.95087973, 46.35414588, -3.44333001,
        -2.37600177, -1.36620273,  0.21721648, -1.46979047, -2.34326967,
        -2.90196153, -2.45563298,  0.1280348 ,  0.22892825, -0.1920539 ,
         0.17171819]]), array([-48.4058697, -48.4058697])]
>>>>>>>>>>>>> printing intermediate parameters
[array([[43.9458729 , 45.28831397, 45.95087973, 46.35414588, -3.44333001,
        -2.37600177, -1.36620273,  0.21721648, -1.46979047, -2.34326967,
        -2.90196153, -2.45563298,  0.1280348 ,  0.22892825, -0.1920539 ,
         0.17171819],
       [43.9458729 , 45.28831397, 45.95087973, 46.35414588, -3.44333001,
        -2.37600177, -1.36620273,  0.21721648, -1.46979047, -2.34326967,
        -2.90196153, -2.45563298,  0.1280348 ,  0.22892825, -0.1920539 ,
         0.17171819]]), array([-48.4058697, -48.4058697])]
Training finished for round 29
>>>>>>>>>>>>> evaluating on client-side
>>>>>>>>>>>>> printing final parameters
[array([[44.01177553, 45.4749513 , 46.49874254, 47.40537292, -3.20945596,
        -2.01980125, -0.90967417,  1.12616696, -1.46031822, -2.32502014,
        -2.63644879, -1.9721704 , -0.5880166 , -0.89338037, -1.5253421 ,
        -1.44723528],
       [44.01177553, 45.4749513 , 46.49874254, 47.40537292, -3.20945596,
        -2.01980125, -0.90967417,  1.12616696, -1.46031822, -2.32502014,
        -2.63644879, -1.9721704 , -0.5880166 , -0.89338037, -1.5253421 ,
        -1.44723528]]), array([-51.32347121, -51.32347121])]
>>>>>>>>>>>>> printing intermediate parameters
[array([[44.01177553, 45.4749513 , 46.49874254, 47.40537292, -3.20945596,
        -2.01980125, -0.90967417,  1.12616696, -1.46031822, -2.32502014,
        -2.63644879, -1.9721704 , -0.5880166 , -0.89338037, -1.5253421 ,
        -1.44723528],
       [44.01177553, 45.4749513 , 46.49874254, 47.40537292, -3.20945596,
        -2.01980125, -0.90967417,  1.12616696, -1.46031822, -2.32502014,
        -2.63644879, -1.9721704 , -0.5880166 , -0.89338037, -1.5253421 ,
        -1.44723528]]), array([-51.32347121, -51.32347121])]
Training finished for round 30
>>>>>>>>>>>>> evaluating on client-side
>>>>>>>>>>>>> printing final parameters
[array([[44.75737043, 45.79313336, 46.89910708, 48.22254787, -1.47807132,
        -0.64625966,  0.22776712,  2.20109523, -0.96135544, -1.5347706 ,
        -1.44262461, -0.77882308, -1.18656009, -1.91752773, -2.58294039,
        -2.89492791],
       [44.75737043, 45.79313336, 46.89910708, 48.22254787, -1.47807132,
        -0.64625966,  0.22776712,  2.20109523, -0.96135544, -1.5347706 ,
        -1.44262461, -0.77882308, -1.18656009, -1.91752773, -2.58294039,
        -2.89492791]]), array([-53.58019252, -53.58019252])]
