INFO flwr 2023-11-03 22:34:28,168 | grpc.py:49 | Opened insecure gRPC connection (no certificates were passed)
DEBUG flwr 2023-11-03 22:34:28,169 | connection.py:42 | ChannelConnectivity.IDLE
DEBUG flwr 2023-11-03 22:34:28,170 | connection.py:42 | ChannelConnectivity.CONNECTING
DEBUG flwr 2023-11-03 22:34:28,171 | connection.py:42 | ChannelConnectivity.READY
===================
['AGE_[41.0, 57.0)', 'AGE_[57.0, 67.0)', 'AGE_[67.0, 78.0)', 'AGE_[78.0, 199.0)', 'PULSE_[68.5, 77.5)', 'PULSE_[77.5, 85.5)', 'PULSE_[85.5, 98.0)', 'PULSE_[98.0, 282.0)', 'RESPIRATION_[16.0, 18.0)', 'RESPIRATION_[18.0, 144.0)', 'SAO2_[97.0, 98.5)', 'SAO2_[98.5, 200.0)', 'BPDIASTOLIC_[62.5, 70.5)', 'BPDIASTOLIC_[70.5, 76.5)', 'BPDIASTOLIC_[76.5, 85.5)', 'BPDIASTOLIC_[85.5, 5898.0)', 'BPSYSTOLIC_[113.5, 126.0)', 'BPSYSTOLIC_[126.0, 137.0)', 'BPSYSTOLIC_[137.0, 153.0)', 'BPSYSTOLIC_[153.0, 1046.0)', 'GENDER_M_1.0']
===================
>>>>>>>>>>>>> setting initial parameters
[[0. 0. 0. 0. 0. 0. 0. 0. 0. 0. 0. 0. 0. 0. 0. 0. 0. 0. 0. 0. 0.]
 [0. 0. 0. 0. 0. 0. 0. 0. 0. 0. 0. 0. 0. 0. 0. 0. 0. 0. 0. 0. 0.]]
>>>>>>>>>>>>> printing intermediate parameters
[array([[0., 0., 0., 0., 0., 0., 0., 0., 0., 0., 0., 0., 0., 0., 0., 0.,
        0., 0., 0., 0., 0.],
       [0., 0., 0., 0., 0., 0., 0., 0., 0., 0., 0., 0., 0., 0., 0., 0.,
        0., 0., 0., 0., 0.]]), array([0., 0.])]
Training finished for round 1
>>>>>>>>>>>>> evaluating on client-side
>>>>>>>>>>>>> printing final parameters
[array([[-0.33433072, -0.16993256,  0.00537174,  0.38679622, -0.35607826,
        -0.27669453, -0.12081531,  0.43434018, -0.65450646, -0.34209039,
        -0.63155039, -0.41643185, -0.24869105, -0.36575111, -0.37946234,
        -0.25632492, -0.16542807, -0.29669766, -0.37607184, -0.40760897,
         0.10004168],
       [-0.33433072, -0.16993256,  0.00537174,  0.38679622, -0.35607826,
        -0.27669453, -0.12081531,  0.43434018, -0.65450646, -0.34209039,
        -0.63155039, -0.41643185, -0.24869105, -0.36575111, -0.37946234,
        -0.25632492, -0.16542807, -0.29669766, -0.37607184, -0.40760897,
         0.10004168]]), array([-1.15070922, -1.15070922])]
>>>>>>>>>>>>> printing intermediate parameters
[array([[-0.33433072, -0.16993256,  0.00537174,  0.38679622, -0.35607826,
        -0.27669453, -0.12081531,  0.43434018, -0.65450646, -0.34209039,
        -0.63155039, -0.41643185, -0.24869105, -0.36575111, -0.37946234,
        -0.25632492, -0.16542807, -0.29669766, -0.37607184, -0.40760897,
         0.10004168],
       [-0.33433072, -0.16993256,  0.00537174,  0.38679622, -0.35607826,
        -0.27669453, -0.12081531,  0.43434018, -0.65450646, -0.34209039,
        -0.63155039, -0.41643185, -0.24869105, -0.36575111, -0.37946234,
        -0.25632492, -0.16542807, -0.29669766, -0.37607184, -0.40760897,
         0.10004168]]), array([-1.15070922, -1.15070922])]
Training finished for round 2
>>>>>>>>>>>>> evaluating on client-side
>>>>>>>>>>>>> printing final parameters
[array([[-0.27735903,  0.43615993,  0.88105334,  1.71378431, -0.55331465,
        -0.25132061,  0.15600573,  1.44355035, -1.61974348, -0.97775805,
        -1.40773488, -0.80287436, -0.62210093, -0.98811681, -0.98748657,
        -0.60897522, -0.5126027 , -0.88189808, -1.17597855, -1.26513821,
         0.29111369],
       [-0.27735903,  0.43615993,  0.88105334,  1.71378431, -0.55331465,
        -0.25132061,  0.15600573,  1.44355035, -1.61974348, -0.97775805,
        -1.40773488, -0.80287436, -0.62210093, -0.98811681, -0.98748657,
        -0.60897522, -0.5126027 , -0.88189808, -1.17597855, -1.26513821,
         0.29111369]]), array([-3.882452, -3.882452])]
>>>>>>>>>>>>> printing intermediate parameters
[array([[-0.27735903,  0.43615993,  0.88105334,  1.71378431, -0.55331465,
        -0.25132061,  0.15600573,  1.44355035, -1.61974348, -0.97775805,
        -1.40773488, -0.80287436, -0.62210093, -0.98811681, -0.98748657,
        -0.60897522, -0.5126027 , -0.88189808, -1.17597855, -1.26513821,
         0.29111369],
       [-0.27735903,  0.43615993,  0.88105334,  1.71378431, -0.55331465,
        -0.25132061,  0.15600573,  1.44355035, -1.61974348, -0.97775805,
        -1.40773488, -0.80287436, -0.62210093, -0.98811681, -0.98748657,
        -0.60897522, -0.5126027 , -0.88189808, -1.17597855, -1.26513821,
         0.29111369]]), array([-3.882452, -3.882452])]
Training finished for round 3
>>>>>>>>>>>>> evaluating on client-side
>>>>>>>>>>>>> printing final parameters
[array([[ 0.55343985,  1.68610558,  2.35294299,  3.57862851, -0.38996624,
         0.08005405,  0.73745998,  2.53660212, -2.32983513, -1.42287342,
        -1.88810235, -1.04418755, -0.89642344, -1.46215111, -1.4058724 ,
        -0.82721665, -0.8360881 , -1.43046319, -1.92974624, -2.0879431 ,
         0.37874239],
       [ 0.55343985,  1.68610558,  2.35294299,  3.57862851, -0.38996624,
         0.08005405,  0.73745998,  2.53660212, -2.32983513, -1.42287342,
        -1.88810235, -1.04418755, -0.89642344, -1.46215111, -1.4058724 ,
        -0.82721665, -0.8360881 , -1.43046319, -1.92974624, -2.0879431 ,
         0.37874239]]), array([-7.18887181, -7.18887181])]
>>>>>>>>>>>>> printing intermediate parameters
[array([[ 0.55343985,  1.68610558,  2.35294299,  3.57862851, -0.38996624,
         0.08005405,  0.73745998,  2.53660212, -2.32983513, -1.42287342,
        -1.88810235, -1.04418755, -0.89642344, -1.46215111, -1.4058724 ,
        -0.82721665, -0.8360881 , -1.43046319, -1.92974624, -2.0879431 ,
         0.37874239],
       [ 0.55343985,  1.68610558,  2.35294299,  3.57862851, -0.38996624,
         0.08005405,  0.73745998,  2.53660212, -2.32983513, -1.42287342,
        -1.88810235, -1.04418755, -0.89642344, -1.46215111, -1.4058724 ,
        -0.82721665, -0.8360881 , -1.43046319, -1.92974624, -2.0879431 ,
         0.37874239]]), array([-7.18887181, -7.18887181])]
Training finished for round 4
>>>>>>>>>>>>> evaluating on client-side
>>>>>>>>>>>>> printing final parameters
[array([[ 1.97980358,  3.22147416,  3.96172892,  5.31675339,  0.09991807,
         0.60536448,  1.3707044 ,  3.19601428, -2.45706427, -1.50391378,
        -1.86500664, -0.96989712, -0.93057768, -1.55154387, -1.42919041,
        -0.79029674, -0.97263971, -1.67996224, -2.28438575, -2.49983393,
         0.37712822],
       [ 1.97980358,  3.22147416,  3.96172892,  5.31675339,  0.09991807,
         0.60536448,  1.3707044 ,  3.19601428, -2.45706427, -1.50391378,
        -1.86500664, -0.96989712, -0.93057768, -1.55154387, -1.42919041,
        -0.79029674, -0.97263971, -1.67996224, -2.28438575, -2.49983393,
         0.37712822]]), array([-9.71140317, -9.71140317])]
>>>>>>>>>>>>> printing intermediate parameters
[array([[ 1.97980358,  3.22147416,  3.96172892,  5.31675339,  0.09991807,
         0.60536448,  1.3707044 ,  3.19601428, -2.45706427, -1.50391378,
        -1.86500664, -0.96989712, -0.93057768, -1.55154387, -1.42919041,
        -0.79029674, -0.97263971, -1.67996224, -2.28438575, -2.49983393,
         0.37712822],
       [ 1.97980358,  3.22147416,  3.96172892,  5.31675339,  0.09991807,
         0.60536448,  1.3707044 ,  3.19601428, -2.45706427, -1.50391378,
        -1.86500664, -0.96989712, -0.93057768, -1.55154387, -1.42919041,
        -0.79029674, -0.97263971, -1.67996224, -2.28438575, -2.49983393,
         0.37712822]]), array([-9.71140317, -9.71140317])]
Training finished for round 5
>>>>>>>>>>>>> evaluating on client-side
>>>>>>>>>>>>> printing final parameters
[array([[ 4.09981813,  5.06729311,  5.69941222,  6.85699313,  0.86788949,
         1.22791676,  1.89195459,  3.26047198, -1.89845068, -1.14383064,
        -1.34052768, -0.6035684 , -0.67952605, -1.16382544, -0.98068141,
        -0.46144646, -0.86037017, -1.52672814, -2.07481627, -2.32071576,
         0.29058852],
       [ 4.09981813,  5.06729311,  5.69941222,  6.85699313,  0.86788949,
         1.22791676,  1.89195459,  3.26047198, -1.89845068, -1.14383064,
        -1.34052768, -0.6035684 , -0.67952605, -1.16382544, -0.98068141,
        -0.46144646, -0.86037017, -1.52672814, -2.07481627, -2.32071576,
         0.29058852]]), array([-11.1890224, -11.1890224])]
>>>>>>>>>>>>> printing intermediate parameters
[array([[ 4.09981813,  5.06729311,  5.69941222,  6.85699313,  0.86788949,
         1.22791676,  1.89195459,  3.26047198, -1.89845068, -1.14383064,
        -1.34052768, -0.6035684 , -0.67952605, -1.16382544, -0.98068141,
        -0.46144646, -0.86037017, -1.52672814, -2.07481627, -2.32071576,
         0.29058852],
       [ 4.09981813,  5.06729311,  5.69941222,  6.85699313,  0.86788949,
         1.22791676,  1.89195459,  3.26047198, -1.89845068, -1.14383064,
        -1.34052768, -0.6035684 , -0.67952605, -1.16382544, -0.98068141,
        -0.46144646, -0.86037017, -1.52672814, -2.07481627, -2.32071576,
         0.29058852]]), array([-11.1890224, -11.1890224])]
Training finished for round 6
>>>>>>>>>>>>> evaluating on client-side
>>>>>>>>>>>>> printing final parameters
[array([[ 6.74873002,  7.10801427,  7.54376004,  8.23164918,  1.34258903,
         1.45223575,  1.88043817,  2.56559992, -0.83963532, -0.42045195,
        -0.63345923, -0.1522176 , -0.26512894, -0.49003977, -0.31281987,
        -0.06945563, -0.50123698, -0.99289719, -1.32977034, -1.55018243,
         0.18501764],
       [ 6.74873002,  7.10801427,  7.54376004,  8.23164918,  1.34258903,
         1.45223575,  1.88043817,  2.56559992, -0.83963532, -0.42045195,
        -0.63345923, -0.1522176 , -0.26512894, -0.49003977, -0.31281987,
        -0.06945563, -0.50123698, -0.99289719, -1.32977034, -1.55018243,
         0.18501764]]), array([-11.69523306, -11.69523306])]
>>>>>>>>>>>>> printing intermediate parameters
[array([[ 6.74873002,  7.10801427,  7.54376004,  8.23164918,  1.34258903,
         1.45223575,  1.88043817,  2.56559992, -0.83963532, -0.42045195,
        -0.63345923, -0.1522176 , -0.26512894, -0.49003977, -0.31281987,
        -0.06945563, -0.50123698, -0.99289719, -1.32977034, -1.55018243,
         0.18501764],
       [ 6.74873002,  7.10801427,  7.54376004,  8.23164918,  1.34258903,
         1.45223575,  1.88043817,  2.56559992, -0.83963532, -0.42045195,
        -0.63345923, -0.1522176 , -0.26512894, -0.49003977, -0.31281987,
        -0.06945563, -0.50123698, -0.99289719, -1.32977034, -1.55018243,
         0.18501764]]), array([-11.69523306, -11.69523306])]
Training finished for round 7
>>>>>>>>>>>>> evaluating on client-side
>>>>>>>>>>>>> printing final parameters
[array([[ 9.37466945,  9.19677993,  9.4099494 ,  9.61218857,  1.15726977,
         1.08192637,  1.27574164,  1.34138625,  0.21454859,  0.31433174,
        -0.0392161 ,  0.1858504 ,  0.07511164,  0.07268883,  0.1855912 ,
         0.17824173, -0.10994603, -0.35999013, -0.47383646, -0.62353213,
         0.09110887],
       [ 9.37466945,  9.19677993,  9.4099494 ,  9.61218857,  1.15726977,
         1.08192637,  1.27574164,  1.34138625,  0.21454859,  0.31433174,
        -0.0392161 ,  0.1858504 ,  0.07511164,  0.07268883,  0.1855912 ,
         0.17824173, -0.10994603, -0.35999013, -0.47383646, -0.62353213,
         0.09110887]]), array([-11.71091085, -11.71091085])]
>>>>>>>>>>>>> printing intermediate parameters
[array([[ 9.37466945,  9.19677993,  9.4099494 ,  9.61218857,  1.15726977,
         1.08192637,  1.27574164,  1.34138625,  0.21454859,  0.31433174,
        -0.0392161 ,  0.1858504 ,  0.07511164,  0.07268883,  0.1855912 ,
         0.17824173, -0.10994603, -0.35999013, -0.47383646, -0.62353213,
         0.09110887],
       [ 9.37466945,  9.19677993,  9.4099494 ,  9.61218857,  1.15726977,
         1.08192637,  1.27574164,  1.34138625,  0.21454859,  0.31433174,
        -0.0392161 ,  0.1858504 ,  0.07511164,  0.07268883,  0.1855912 ,
         0.17824173, -0.10994603, -0.35999013, -0.47383646, -0.62353213,
         0.09110887]]), array([-11.71091085, -11.71091085])]
Training finished for round 8
>>>>>>>>>>>>> evaluating on client-side
>>>>>>>>>>>>> printing final parameters
[array([[11.46328017, 11.10031234, 11.20372534, 11.1549651 ,  0.51701721,
         0.40477399,  0.4922042 ,  0.29703677,  0.84312363,  0.78018989,
         0.12207648,  0.25057979,  0.20813547,  0.29264643,  0.31562538,
         0.20251126,  0.13246908,  0.05000835,  0.05422193, -0.02368414,
         0.08850623],
       [11.46328017, 11.10031234, 11.20372534, 11.1549651 ,  0.51701721,
         0.40477399,  0.4922042 ,  0.29703677,  0.84312363,  0.78018989,
         0.12207648,  0.25057979,  0.20813547,  0.29264643,  0.31562538,
         0.20251126,  0.13246908,  0.05000835,  0.05422193, -0.02368414,
         0.08850623]]), array([-12.28006344, -12.28006344])]
>>>>>>>>>>>>> printing intermediate parameters
[array([[11.46328017, 11.10031234, 11.20372534, 11.1549651 ,  0.51701721,
         0.40477399,  0.4922042 ,  0.29703677,  0.84312363,  0.78018989,
         0.12207648,  0.25057979,  0.20813547,  0.29264643,  0.31562538,
         0.20251126,  0.13246908,  0.05000835,  0.05422193, -0.02368414,
         0.08850623],
       [11.46328017, 11.10031234, 11.20372534, 11.1549651 ,  0.51701721,
         0.40477399,  0.4922042 ,  0.29703677,  0.84312363,  0.78018989,
         0.12207648,  0.25057979,  0.20813547,  0.29264643,  0.31562538,
         0.20251126,  0.13246908,  0.05000835,  0.05422193, -0.02368414,
         0.08850623]]), array([-12.28006344, -12.28006344])]
Training finished for round 9
>>>>>>>>>>>>> evaluating on client-side
>>>>>>>>>>>>> printing final parameters
[array([[12.91866583, 12.68757024, 12.79043489, 12.86753205, -0.55694392,
        -0.58881558, -0.47652543, -0.31068127,  0.81581274,  0.88130761,
        -0.28230668, -0.06636633,  0.09315093,  0.115637  ,  0.04072747,
        -0.02188439,  0.20763051,  0.14658013,  0.16117542,  0.11930697,
         0.12387827],
       [12.91866583, 12.68757024, 12.79043489, 12.86753205, -0.55694392,
        -0.58881558, -0.47652543, -0.31068127,  0.81581274,  0.88130761,
        -0.28230668, -0.06636633,  0.09315093,  0.115637  ,  0.04072747,
        -0.02188439,  0.20763051,  0.14658013,  0.16117542,  0.11930697,
         0.12387827]]), array([-13.79964855, -13.79964855])]
>>>>>>>>>>>>> printing intermediate parameters
[array([[12.91866583, 12.68757024, 12.79043489, 12.86753205, -0.55694392,
        -0.58881558, -0.47652543, -0.31068127,  0.81581274,  0.88130761,
        -0.28230668, -0.06636633,  0.09315093,  0.115637  ,  0.04072747,
        -0.02188439,  0.20763051,  0.14658013,  0.16117542,  0.11930697,
         0.12387827],
       [12.91866583, 12.68757024, 12.79043489, 12.86753205, -0.55694392,
        -0.58881558, -0.47652543, -0.31068127,  0.81581274,  0.88130761,
        -0.28230668, -0.06636633,  0.09315093,  0.115637  ,  0.04072747,
        -0.02188439,  0.20763051,  0.14658013,  0.16117542,  0.11930697,
         0.12387827]]), array([-13.79964855, -13.79964855])]
Training finished for round 10
>>>>>>>>>>>>> evaluating on client-side
>>>>>>>>>>>>> printing final parameters
[array([[13.7358801 , 13.97030714, 14.23256461, 14.71834306, -1.80034541,
        -1.60999396, -1.28101991, -0.2585034 ,  0.16688384,  0.56482154,
        -1.11670096, -0.58161966, -0.30548029, -0.49006472, -0.63040581,
        -0.46915245,  0.05936216, -0.11896343, -0.26254298, -0.3237897 ,
         0.2694742 ],
       [13.7358801 , 13.97030714, 14.23256461, 14.71834306, -1.80034541,
        -1.60999396, -1.28101991, -0.2585034 ,  0.16688384,  0.56482154,
        -1.11670096, -0.58161966, -0.30548029, -0.49006472, -0.63040581,
        -0.46915245,  0.05936216, -0.11896343, -0.26254298, -0.3237897 ,
         0.2694742 ]]), array([-16.20172565, -16.20172565])]
>>>>>>>>>>>>> printing intermediate parameters
[array([[13.7358801 , 13.97030714, 14.23256461, 14.71834306, -1.80034541,
        -1.60999396, -1.28101991, -0.2585034 ,  0.16688384,  0.56482154,
        -1.11670096, -0.58161966, -0.30548029, -0.49006472, -0.63040581,
        -0.46915245,  0.05936216, -0.11896343, -0.26254298, -0.3237897 ,
         0.2694742 ],
       [13.7358801 , 13.97030714, 14.23256461, 14.71834306, -1.80034541,
        -1.60999396, -1.28101991, -0.2585034 ,  0.16688384,  0.56482154,
        -1.11670096, -0.58161966, -0.30548029, -0.49006472, -0.63040581,
        -0.46915245,  0.05936216, -0.11896343, -0.26254298, -0.3237897 ,
         0.2694742 ]]), array([-16.20172565, -16.20172565])]
Training finished for round 11
>>>>>>>>>>>>> evaluating on client-side
>>>>>>>>>>>>> printing final parameters
[array([[14.21405492, 15.06825625, 15.53587569, 16.51709933, -2.11464256,
        -1.67072343, -1.10178958,  0.66983544, -0.96307129, -0.21703344,
        -1.82539338, -0.98272803, -0.75396637, -1.20948419, -1.31366732,
        -0.8467405 , -0.36213008, -0.75212148, -1.14269339, -1.24887548,
         0.37742977],
       [14.21405492, 15.06825625, 15.53587569, 16.51709933, -2.11464256,
        -1.67072343, -1.10178958,  0.66983544, -0.96307129, -0.21703344,
        -1.82539338, -0.98272803, -0.75396637, -1.20948419, -1.31366732,
        -0.8467405 , -0.36213008, -0.75212148, -1.14269339, -1.24887548,
         0.37742977]]), array([-19.0569008, -19.0569008])]
>>>>>>>>>>>>> printing intermediate parameters
[array([[14.21405492, 15.06825625, 15.53587569, 16.51709933, -2.11464256,
        -1.67072343, -1.10178958,  0.66983544, -0.96307129, -0.21703344,
        -1.82539338, -0.98272803, -0.75396637, -1.20948419, -1.31366732,
        -0.8467405 , -0.36213008, -0.75212148, -1.14269339, -1.24887548,
         0.37742977],
       [14.21405492, 15.06825625, 15.53587569, 16.51709933, -2.11464256,
        -1.67072343, -1.10178958,  0.66983544, -0.96307129, -0.21703344,
        -1.82539338, -0.98272803, -0.75396637, -1.20948419, -1.31366732,
        -0.8467405 , -0.36213008, -0.75212148, -1.14269339, -1.24887548,
         0.37742977]]), array([-19.0569008, -19.0569008])]
Training finished for round 12
>>>>>>>>>>>>> evaluating on client-side
>>>>>>>>>>>>> printing final parameters
[array([[14.87189494, 16.1723941 , 16.81252837, 18.12221859, -1.34536752,
        -0.75790413, -0.02052988,  2.02142403, -2.06035804, -1.11606148,
        -2.06850751, -1.08812755, -1.01900656, -1.6627825 , -1.64084016,
        -0.95826492, -0.83706998, -1.43079047, -2.03484997, -2.20090555,
         0.40234362],
       [14.87189494, 16.1723941 , 16.81252837, 18.12221859, -1.34536752,
        -0.75790413, -0.02052988,  2.02142403, -2.06035804, -1.11606148,
        -2.06850751, -1.08812755, -1.01900656, -1.6627825 , -1.64084016,
        -0.95826492, -0.83706998, -1.43079047, -2.03484997, -2.20090555,
         0.40234362]]), array([-21.65366975, -21.65366975])]
>>>>>>>>>>>>> printing intermediate parameters
[array([[14.87189494, 16.1723941 , 16.81252837, 18.12221859, -1.34536752,
        -0.75790413, -0.02052988,  2.02142403, -2.06035804, -1.11606148,
        -2.06850751, -1.08812755, -1.01900656, -1.6627825 , -1.64084016,
        -0.95826492, -0.83706998, -1.43079047, -2.03484997, -2.20090555,
         0.40234362],
       [14.87189494, 16.1723941 , 16.81252837, 18.12221859, -1.34536752,
        -0.75790413, -0.02052988,  2.02142403, -2.06035804, -1.11606148,
        -2.06850751, -1.08812755, -1.01900656, -1.6627825 , -1.64084016,
        -0.95826492, -0.83706998, -1.43079047, -2.03484997, -2.20090555,
         0.40234362]]), array([-21.65366975, -21.65366975])]
Training finished for round 13
>>>>>>>>>>>>> evaluating on client-side
>>>>>>>>>>>>> printing final parameters
[array([[16.15418585, 17.51546498, 18.18480686, 19.49969253,  0.02862779,
         0.59517876,  1.32909857,  3.05490507, -2.60964278, -1.70224389,
        -1.70944373, -0.8483543 , -0.98445894, -1.62917095, -1.45973253,
        -0.74367604, -1.12606261, -1.80836377, -2.47749423, -2.6925173 ,
         0.32289076],
       [16.15418585, 17.51546498, 18.18480686, 19.49969253,  0.02862779,
         0.59517876,  1.32909857,  3.05490507, -2.60964278, -1.70224389,
        -1.70944373, -0.8483543 , -0.98445894, -1.62917095, -1.45973253,
        -0.74367604, -1.12606261, -1.80836377, -2.47749423, -2.6925173 ,
         0.32289076]]), array([-23.37036588, -23.37036588])]
>>>>>>>>>>>>> printing intermediate parameters
[array([[16.15418585, 17.51546498, 18.18480686, 19.49969253,  0.02862779,
         0.59517876,  1.32909857,  3.05490507, -2.60964278, -1.70224389,
        -1.70944373, -0.8483543 , -0.98445894, -1.62917095, -1.45973253,
        -0.74367604, -1.12606261, -1.80836377, -2.47749423, -2.6925173 ,
         0.32289076],
       [16.15418585, 17.51546498, 18.18480686, 19.49969253,  0.02862779,
         0.59517876,  1.32909857,  3.05490507, -2.60964278, -1.70224389,
        -1.70944373, -0.8483543 , -0.98445894, -1.62917095, -1.45973253,
        -0.74367604, -1.12606261, -1.80836377, -2.47749423, -2.6925173 ,
         0.32289076]]), array([-23.37036588, -23.37036588])]
Training finished for round 14
>>>>>>>>>>>>> evaluating on client-side
>>>>>>>>>>>>> printing final parameters
[array([[18.0951137 , 19.07736204, 19.63754855, 20.65233814,  1.67148626,
         2.01215107,  2.56026645,  3.53035011, -2.45165591, -1.8097597 ,
        -0.93711952, -0.3838647 , -0.62365686, -1.06401372, -0.77321961,
        -0.23994327, -1.09786311, -1.7319259 , -2.28288282, -2.52747138,
         0.18461149],
       [18.0951137 , 19.07736204, 19.63754855, 20.65233814,  1.67148626,
         2.01215107,  2.56026645,  3.53035011, -2.45165591, -1.8097597 ,
        -0.93711952, -0.3838647 , -0.62365686, -1.06401372, -0.77321961,
        -0.23994327, -1.09786311, -1.7319259 , -2.28288282, -2.52747138,
         0.18461149]]), array([-24.1836563, -24.1836563])]
>>>>>>>>>>>>> printing intermediate parameters
[array([[18.0951137 , 19.07736204, 19.63754855, 20.65233814,  1.67148626,
         2.01215107,  2.56026645,  3.53035011, -2.45165591, -1.8097597 ,
        -0.93711952, -0.3838647 , -0.62365686, -1.06401372, -0.77321961,
        -0.23994327, -1.09786311, -1.7319259 , -2.28288282, -2.52747138,
         0.18461149],
       [18.0951137 , 19.07736204, 19.63754855, 20.65233814,  1.67148626,
         2.01215107,  2.56026645,  3.53035011, -2.45165591, -1.8097597 ,
        -0.93711952, -0.3838647 , -0.62365686, -1.06401372, -0.77321961,
        -0.23994327, -1.09786311, -1.7319259 , -2.28288282, -2.52747138,
         0.18461149]]), array([-24.1836563, -24.1836563])]
Training finished for round 15
>>>>>>>>>>>>> evaluating on client-side
>>>>>>>>>>>>> printing final parameters
[array([[20.39763503, 20.69052492, 21.04630314, 21.64110161,  2.83141455,
         2.84128868,  3.11100853,  3.26531184, -1.55481817, -1.31590065,
        -0.2025938 ,  0.04663628, -0.07916434, -0.19619383,  0.1120544 ,
         0.30469563, -0.68117838, -1.15229211, -1.43301899, -1.67358843,
         0.04863927],
       [20.39763503, 20.69052492, 21.04630314, 21.64110161,  2.83141455,
         2.84128868,  3.11100853,  3.26531184, -1.55481817, -1.31590065,
        -0.2025938 ,  0.04663628, -0.07916434, -0.19619383,  0.1120544 ,
         0.30469563, -0.68117838, -1.15229211, -1.43301899, -1.67358843,
         0.04863927]]), array([-24.50529963, -24.50529963])]
>>>>>>>>>>>>> printing intermediate parameters
[array([[20.39763503, 20.69052492, 21.04630314, 21.64110161,  2.83141455,
         2.84128868,  3.11100853,  3.26531184, -1.55481817, -1.31590065,
        -0.2025938 ,  0.04663628, -0.07916434, -0.19619383,  0.1120544 ,
         0.30469563, -0.68117838, -1.15229211, -1.43301899, -1.67358843,
         0.04863927],
       [20.39763503, 20.69052492, 21.04630314, 21.64110161,  2.83141455,
         2.84128868,  3.11100853,  3.26531184, -1.55481817, -1.31590065,
        -0.2025938 ,  0.04663628, -0.07916434, -0.19619383,  0.1120544 ,
         0.30469563, -0.68117838, -1.15229211, -1.43301899, -1.67358843,
         0.04863927]]), array([-24.50529963, -24.50529963])]
Training finished for round 16
>>>>>>>>>>>>> evaluating on client-side
>>>>>>>>>>>>> printing final parameters
[array([[22.45969784, 22.20090714, 22.32261851, 22.65245007,  2.52191086,
         2.37455315,  2.48210243,  2.14183864, -0.17421696, -0.18035011,
         0.16509539,  0.25804662,  0.25998774,  0.37547479,  0.52789945,
         0.43335957, -0.10888508, -0.33420216, -0.36722424, -0.52685764,
        -0.02460503],
       [22.45969784, 22.20090714, 22.32261851, 22.65245007,  2.52191086,
         2.37455315,  2.48210243,  2.14183864, -0.17421696, -0.18035011,
         0.16509539,  0.25804662,  0.25998774,  0.37547479,  0.52789945,
         0.43335957, -0.10888508, -0.33420216, -0.36722424, -0.52685764,
        -0.02460503]]), array([-24.77784568, -24.77784568])]
>>>>>>>>>>>>> printing intermediate parameters
[array([[22.45969784, 22.20090714, 22.32261851, 22.65245007,  2.52191086,
         2.37455315,  2.48210243,  2.14183864, -0.17421696, -0.18035011,
         0.16509539,  0.25804662,  0.25998774,  0.37547479,  0.52789945,
         0.43335957, -0.10888508, -0.33420216, -0.36722424, -0.52685764,
        -0.02460503],
       [22.45969784, 22.20090714, 22.32261851, 22.65245007,  2.52191086,
         2.37455315,  2.48210243,  2.14183864, -0.17421696, -0.18035011,
         0.16509539,  0.25804662,  0.25998774,  0.37547479,  0.52789945,
         0.43335957, -0.10888508, -0.33420216, -0.36722424, -0.52685764,
        -0.02460503]]), array([-24.77784568, -24.77784568])]
Training finished for round 17
>>>>>>>>>>>>> evaluating on client-side
>>>>>>>>>>>>> printing final parameters
[array([[ 2.38820284e+01,  2.34787150e+01,  2.35601360e+01,
         2.37982294e+01,  1.51113482e+00,  1.39038414e+00,
         1.50235275e+00,  1.20092257e+00,  7.61270814e-01,
         7.13941002e-01, -1.23140517e-02,  1.63266053e-01,
         3.32631733e-01,  4.86794064e-01,  4.46147832e-01,
         2.44550885e-01,  3.15143444e-01,  2.26426685e-01,
         2.91743529e-01,  2.15140852e-01,  7.38854059e-02],
       [ 2.38820284e+01,  2.34787150e+01,  2.35601360e+01,
         2.37982294e+01,  1.51113482e+00,  1.39038414e+00,
         1.50235275e+00,  1.20092257e+00,  7.61270814e-01,
         7.13941002e-01, -1.23140517e-02,  1.63266053e-01,
         3.32631733e-01,  4.86794064e-01,  4.46147832e-01,
         2.44550885e-01,  3.15143444e-01,  2.26426685e-01,
         2.91743529e-01,  2.15140852e-01,  7.38854059e-02]]), array([-25.75575359, -25.75575359])]
>>>>>>>>>>>>> printing intermediate parameters
[array([[ 2.38820284e+01,  2.34787150e+01,  2.35601360e+01,
         2.37982294e+01,  1.51113482e+00,  1.39038414e+00,
         1.50235275e+00,  1.20092257e+00,  7.61270814e-01,
         7.13941002e-01, -1.23140517e-02,  1.63266053e-01,
         3.32631733e-01,  4.86794064e-01,  4.46147832e-01,
         2.44550885e-01,  3.15143444e-01,  2.26426685e-01,
         2.91743529e-01,  2.15140852e-01,  7.38854059e-02],
       [ 2.38820284e+01,  2.34787150e+01,  2.35601360e+01,
         2.37982294e+01,  1.51113482e+00,  1.39038414e+00,
         1.50235275e+00,  1.20092257e+00,  7.61270814e-01,
         7.13941002e-01, -1.23140517e-02,  1.63266053e-01,
         3.32631733e-01,  4.86794064e-01,  4.46147832e-01,
         2.44550885e-01,  3.15143444e-01,  2.26426685e-01,
         2.91743529e-01,  2.15140852e-01,  7.38854059e-02]]), array([-25.75575359, -25.75575359])]
Training finished for round 18
>>>>>>>>>>>>> evaluating on client-side
>>>>>>>>>>>>> printing final parameters
[array([[24.67544403, 24.48689566, 24.6754361 , 25.06695422, -0.05830056,
        -0.02531243,  0.22380161,  0.60962158,  1.0964586 ,  1.2525778 ,
        -0.69614589, -0.24303232,  0.13041901,  0.1158282 , -0.10233706,
        -0.21690844,  0.54960057,  0.43796724,  0.4629773 ,  0.44553052,
         0.25993921],
       [24.67544403, 24.48689566, 24.6754361 , 25.06695422, -0.05830056,
        -0.02531243,  0.22380161,  0.60962158,  1.0964586 ,  1.2525778 ,
        -0.69614589, -0.24303232,  0.13041901,  0.1158282 , -0.10233706,
        -0.21690844,  0.54960057,  0.43796724,  0.4629773 ,  0.44553052,
         0.25993921]]), array([-27.59080192, -27.59080192])]
>>>>>>>>>>>>> printing intermediate parameters
[array([[24.67544403, 24.48689566, 24.6754361 , 25.06695422, -0.05830056,
        -0.02531243,  0.22380161,  0.60962158,  1.0964586 ,  1.2525778 ,
        -0.69614589, -0.24303232,  0.13041901,  0.1158282 , -0.10233706,
        -0.21690844,  0.54960057,  0.43796724,  0.4629773 ,  0.44553052,
         0.25993921],
       [24.67544403, 24.48689566, 24.6754361 , 25.06695422, -0.05830056,
        -0.02531243,  0.22380161,  0.60962158,  1.0964586 ,  1.2525778 ,
        -0.69614589, -0.24303232,  0.13041901,  0.1158282 , -0.10233706,
        -0.21690844,  0.54960057,  0.43796724,  0.4629773 ,  0.44553052,
         0.25993921]]), array([-27.59080192, -27.59080192])]
Training finished for round 19
>>>>>>>>>>>>> evaluating on client-side
>>>>>>>>>>>>> printing final parameters
[array([[24.9400548 , 25.36253759, 25.77572006, 26.44747878, -1.78505432,
        -1.46142121, -0.92529351,  0.37802171,  0.90558833,  1.39928296,
        -1.48095034, -0.6757839 , -0.42213603, -0.78649117, -1.06654415,
        -0.87129751,  0.37192176,  0.14907767, -0.04703615, -0.04227492,
         0.4879794 ],
       [24.9400548 , 25.36253759, 25.77572006, 26.44747878, -1.78505432,
        -1.46142121, -0.92529351,  0.37802171,  0.90558833,  1.39928296,
        -1.48095034, -0.6757839 , -0.42213603, -0.78649117, -1.06654415,
        -0.87129751,  0.37192176,  0.14907767, -0.04703615, -0.04227492,
         0.4879794 ]]), array([-29.88047148, -29.88047148])]
>>>>>>>>>>>>> printing intermediate parameters
[array([[24.9400548 , 25.36253759, 25.77572006, 26.44747878, -1.78505432,
        -1.46142121, -0.92529351,  0.37802171,  0.90558833,  1.39928296,
        -1.48095034, -0.6757839 , -0.42213603, -0.78649117, -1.06654415,
        -0.87129751,  0.37192176,  0.14907767, -0.04703615, -0.04227492,
         0.4879794 ],
       [24.9400548 , 25.36253759, 25.77572006, 26.44747878, -1.78505432,
        -1.46142121, -0.92529351,  0.37802171,  0.90558833,  1.39928296,
        -1.48095034, -0.6757839 , -0.42213603, -0.78649117, -1.06654415,
        -0.87129751,  0.37192176,  0.14907767, -0.04703615, -0.04227492,
         0.4879794 ]]), array([-29.88047148, -29.88047148])]
Training finished for round 20
>>>>>>>>>>>>> evaluating on client-side
>>>>>>>>>>>>> printing final parameters
[array([[ 2.51202263e+01,  2.62209933e+01,  2.68482291e+01,
         2.78104304e+01, -2.48235484e+00, -1.93342399e+00,
        -1.17031977e+00,  7.94749712e-01,  1.14008335e-02,
         8.20469946e-01, -1.98448362e+00, -9.64338657e-01,
        -9.36999313e-01, -1.60609680e+00, -1.78105600e+00,
        -1.21771304e+00, -2.13044845e-01, -6.27499692e-01,
        -1.11657927e+00, -1.14883172e+00,  5.86545813e-01],
       [ 2.51202263e+01,  2.62209933e+01,  2.68482291e+01,
         2.78104304e+01, -2.48235484e+00, -1.93342399e+00,
        -1.17031977e+00,  7.94749712e-01,  1.14008335e-02,
         8.20469946e-01, -1.98448362e+00, -9.64338657e-01,
        -9.36999313e-01, -1.60609680e+00, -1.78105600e+00,
        -1.21771304e+00, -2.13044845e-01, -6.27499692e-01,
        -1.11657927e+00, -1.14883172e+00,  5.86545813e-01]]), array([-31.91475531, -31.91475531])]
>>>>>>>>>>>>> printing intermediate parameters
[array([[ 2.51202263e+01,  2.62209933e+01,  2.68482291e+01,
         2.78104304e+01, -2.48235484e+00, -1.93342399e+00,
        -1.17031977e+00,  7.94749712e-01,  1.14008335e-02,
         8.20469946e-01, -1.98448362e+00, -9.64338657e-01,
        -9.36999313e-01, -1.60609680e+00, -1.78105600e+00,
        -1.21771304e+00, -2.13044845e-01, -6.27499692e-01,
        -1.11657927e+00, -1.14883172e+00,  5.86545813e-01],
       [ 2.51202263e+01,  2.62209933e+01,  2.68482291e+01,
         2.78104304e+01, -2.48235484e+00, -1.93342399e+00,
        -1.17031977e+00,  7.94749712e-01,  1.14008335e-02,
         8.20469946e-01, -1.98448362e+00, -9.64338657e-01,
        -9.36999313e-01, -1.60609680e+00, -1.78105600e+00,
        -1.21771304e+00, -2.13044845e-01, -6.27499692e-01,
        -1.11657927e+00, -1.14883172e+00,  5.86545813e-01]]), array([-31.91475531, -31.91475531])]
Training finished for round 21
>>>>>>>>>>>>> evaluating on client-side
>>>>>>>>>>>>> printing final parameters
[array([[25.78394121, 27.17678685, 27.92074163, 29.01297807, -1.91055604,
        -1.30989652, -0.51571804,  1.56516107, -0.99939243, -0.05708314,
        -1.94323902, -0.96557396, -1.19413266, -1.97318656, -1.92022252,
        -1.15461108, -0.90645964, -1.49955799, -2.16950027, -2.29423041,
         0.5121705 ],
       [25.78394121, 27.17678685, 27.92074163, 29.01297807, -1.91055604,
        -1.30989652, -0.51571804,  1.56516107, -0.99939243, -0.05708314,
        -1.94323902, -0.96557396, -1.19413266, -1.97318656, -1.92022252,
        -1.15461108, -0.90645964, -1.49955799, -2.16950027, -2.29423041,
         0.5121705 ]]), array([-33.27102805, -33.27102805])]
>>>>>>>>>>>>> printing intermediate parameters
[array([[25.78394121, 27.17678685, 27.92074163, 29.01297807, -1.91055604,
        -1.30989652, -0.51571804,  1.56516107, -0.99939243, -0.05708314,
        -1.94323902, -0.96557396, -1.19413266, -1.97318656, -1.92022252,
        -1.15461108, -0.90645964, -1.49955799, -2.16950027, -2.29423041,
         0.5121705 ],
       [25.78394121, 27.17678685, 27.92074163, 29.01297807, -1.91055604,
        -1.30989652, -0.51571804,  1.56516107, -0.99939243, -0.05708314,
        -1.94323902, -0.96557396, -1.19413266, -1.97318656, -1.92022252,
        -1.15461108, -0.90645964, -1.49955799, -2.16950027, -2.29423041,
         0.5121705 ]]), array([-33.27102805, -33.27102805])]
Training finished for round 22
>>>>>>>>>>>>> evaluating on client-side
>>>>>>>>>>>>> printing final parameters
[array([[27.160786  , 28.34641183, 29.01914306, 30.03364706, -0.5148372 ,
        -0.03854655,  0.58636658,  2.19679556, -1.69341368, -0.85705178,
        -1.37502452, -0.68215419, -1.06488222, -1.68747012, -1.40199951,
        -0.66971713, -1.36118175, -2.02232456, -2.67540689, -2.91247974,
         0.28752013],
       [27.160786  , 28.34641183, 29.01914306, 30.03364706, -0.5148372 ,
        -0.03854655,  0.58636658,  2.19679556, -1.69341368, -0.85705178,
        -1.37502452, -0.68215419, -1.06488222, -1.68747012, -1.40199951,
        -0.66971713, -1.36118175, -2.02232456, -2.67540689, -2.91247974,
         0.28752013]]), array([-33.68227687, -33.68227687])]
>>>>>>>>>>>>> printing intermediate parameters
[array([[27.160786  , 28.34641183, 29.01914306, 30.03364706, -0.5148372 ,
        -0.03854655,  0.58636658,  2.19679556, -1.69341368, -0.85705178,
        -1.37502452, -0.68215419, -1.06488222, -1.68747012, -1.40199951,
        -0.66971713, -1.36118175, -2.02232456, -2.67540689, -2.91247974,
         0.28752013],
       [27.160786  , 28.34641183, 29.01914306, 30.03364706, -0.5148372 ,
        -0.03854655,  0.58636658,  2.19679556, -1.69341368, -0.85705178,
        -1.37502452, -0.68215419, -1.06488222, -1.68747012, -1.40199951,
        -0.66971713, -1.36118175, -2.02232456, -2.67540689, -2.91247974,
         0.28752013]]), array([-33.68227687, -33.68227687])]
Training finished for round 23
>>>>>>>>>>>>> evaluating on client-side
>>>>>>>>>>>>> printing final parameters
[array([[ 2.90328926e+01,  2.96832679e+01,  3.01499820e+01,
         3.09262216e+01,  1.20118412e+00,  1.42160006e+00,
         1.77055865e+00,  2.50640893e+00, -1.98070866e+00,
        -1.44374593e+00, -5.62797673e-01, -2.56233378e-01,
        -5.53403549e-01, -8.27714154e-01, -3.87722021e-01,
         1.12546455e-01, -1.40390091e+00, -2.01145969e+00,
        -2.50142046e+00, -2.83523291e+00,  1.98278824e-02],
       [ 2.90328926e+01,  2.96832679e+01,  3.01499820e+01,
         3.09262216e+01,  1.20118412e+00,  1.42160006e+00,
         1.77055865e+00,  2.50640893e+00, -1.98070866e+00,
        -1.44374593e+00, -5.62797673e-01, -2.56233378e-01,
        -5.53403549e-01, -8.27714154e-01, -3.87722021e-01,
         1.12546455e-01, -1.40390091e+00, -2.01145969e+00,
        -2.50142046e+00, -2.83523291e+00,  1.98278824e-02]]), array([-33.36445555, -33.36445555])]
>>>>>>>>>>>>> printing intermediate parameters
[array([[ 2.90328926e+01,  2.96832679e+01,  3.01499820e+01,
         3.09262216e+01,  1.20118412e+00,  1.42160006e+00,
         1.77055865e+00,  2.50640893e+00, -1.98070866e+00,
        -1.44374593e+00, -5.62797673e-01, -2.56233378e-01,
        -5.53403549e-01, -8.27714154e-01, -3.87722021e-01,
         1.12546455e-01, -1.40390091e+00, -2.01145969e+00,
        -2.50142046e+00, -2.83523291e+00,  1.98278824e-02],
       [ 2.90328926e+01,  2.96832679e+01,  3.01499820e+01,
         3.09262216e+01,  1.20118412e+00,  1.42160006e+00,
         1.77055865e+00,  2.50640893e+00, -1.98070866e+00,
        -1.44374593e+00, -5.62797673e-01, -2.56233378e-01,
        -5.53403549e-01, -8.27714154e-01, -3.87722021e-01,
         1.12546455e-01, -1.40390091e+00, -2.01145969e+00,
        -2.50142046e+00, -2.83523291e+00,  1.98278824e-02]]), array([-33.36445555, -33.36445555])]
Training finished for round 24
>>>>>>>>>>>>> evaluating on client-side
>>>>>>>>>>>>> printing final parameters
[array([[ 3.09231806e+01,  3.09905613e+01,  3.12079674e+01,
         3.16279347e+01,  2.28383993e+00,  2.27134535e+00,
         2.38859697e+00,  2.33195060e+00, -1.70370585e+00,
        -1.50457328e+00,  1.02252803e-01,  7.03732943e-02,
         2.69785047e-02,  9.71165005e-02,  5.01224206e-01,
         6.61103185e-01, -9.26578205e-01, -1.35452471e+00,
        -1.61932754e+00, -1.94485563e+00, -1.78822147e-01],
       [ 3.09231806e+01,  3.09905613e+01,  3.12079674e+01,
         3.16279347e+01,  2.28383993e+00,  2.27134535e+00,
         2.38859697e+00,  2.33195060e+00, -1.70370585e+00,
        -1.50457328e+00,  1.02252803e-01,  7.03732943e-02,
         2.69785047e-02,  9.71165005e-02,  5.01224206e-01,
         6.61103185e-01, -9.26578205e-01, -1.35452471e+00,
        -1.61932754e+00, -1.94485563e+00, -1.78822147e-01]]), array([-32.89062203, -32.89062203])]
>>>>>>>>>>>>> printing intermediate parameters
[array([[ 3.09231806e+01,  3.09905613e+01,  3.12079674e+01,
         3.16279347e+01,  2.28383993e+00,  2.27134535e+00,
         2.38859697e+00,  2.33195060e+00, -1.70370585e+00,
        -1.50457328e+00,  1.02252803e-01,  7.03732943e-02,
         2.69785047e-02,  9.71165005e-02,  5.01224206e-01,
         6.61103185e-01, -9.26578205e-01, -1.35452471e+00,
        -1.61932754e+00, -1.94485563e+00, -1.78822147e-01],
       [ 3.09231806e+01,  3.09905613e+01,  3.12079674e+01,
         3.16279347e+01,  2.28383993e+00,  2.27134535e+00,
         2.38859697e+00,  2.33195060e+00, -1.70370585e+00,
        -1.50457328e+00,  1.02252803e-01,  7.03732943e-02,
         2.69785047e-02,  9.71165005e-02,  5.01224206e-01,
         6.61103185e-01, -9.26578205e-01, -1.35452471e+00,
        -1.61932754e+00, -1.94485563e+00, -1.78822147e-01]]), array([-32.89062203, -32.89062203])]
Training finished for round 25
>>>>>>>>>>>>> evaluating on client-side
>>>>>>>>>>>>> printing final parameters
[array([[32.17652988, 32.10601068, 32.15939629, 32.35044431,  2.38394233,
         2.29333401,  2.37792059,  1.8500062 , -1.08183267, -1.11961955,
         0.22216575,  0.15772218,  0.44180907,  0.66844666,  0.8754924 ,
         0.79124442, -0.17090365, -0.3844185 , -0.55639103, -0.77057632,
        -0.16857705],
       [32.17652988, 32.10601068, 32.15939629, 32.35044431,  2.38394233,
         2.29333401,  2.37792059,  1.8500062 , -1.08183267, -1.11961955,
         0.22216575,  0.15772218,  0.44180907,  0.66844666,  0.8754924 ,
         0.79124442, -0.17090365, -0.3844185 , -0.55639103, -0.77057632,
        -0.16857705]]), array([-33.09325415, -33.09325415])]
>>>>>>>>>>>>> printing intermediate parameters
[array([[32.17652988, 32.10601068, 32.15939629, 32.35044431,  2.38394233,
         2.29333401,  2.37792059,  1.8500062 , -1.08183267, -1.11961955,
         0.22216575,  0.15772218,  0.44180907,  0.66844666,  0.8754924 ,
         0.79124442, -0.17090365, -0.3844185 , -0.55639103, -0.77057632,
        -0.16857705],
       [32.17652988, 32.10601068, 32.15939629, 32.35044431,  2.38394233,
         2.29333401,  2.37792059,  1.8500062 , -1.08183267, -1.11961955,
         0.22216575,  0.15772218,  0.44180907,  0.66844666,  0.8754924 ,
         0.79124442, -0.17090365, -0.3844185 , -0.55639103, -0.77057632,
        -0.16857705]]), array([-33.09325415, -33.09325415])]
Training finished for round 26
>>>>>>>>>>>>> evaluating on client-side
>>>>>>>>>>>>> printing final parameters
[array([[ 3.27982633e+01,  3.28639006e+01,  3.29654750e+01,
         3.32024936e+01,  1.79957998e+00,  1.76212632e+00,
         1.96511720e+00,  1.66502635e+00, -8.58093573e-01,
        -8.58211624e-01, -2.86549478e-01, -6.34196484e-02,
         5.91605245e-01,  7.62634594e-01,  7.16976296e-01,
         5.71928901e-01,  4.27976028e-01,  2.78888912e-01,
         1.22975344e-01,  2.20162898e-02,  6.41985058e-02],
       [ 3.27982633e+01,  3.28639006e+01,  3.29654750e+01,
         3.32024936e+01,  1.79957998e+00,  1.76212632e+00,
         1.96511720e+00,  1.66502635e+00, -8.58093573e-01,
        -8.58211624e-01, -2.86549478e-01, -6.34196484e-02,
         5.91605245e-01,  7.62634594e-01,  7.16976296e-01,
         5.71928901e-01,  4.27976028e-01,  2.78888912e-01,
         1.22975344e-01,  2.20162898e-02,  6.41985058e-02]]), array([-34.25039202, -34.25039202])]
>>>>>>>>>>>>> printing intermediate parameters
[array([[ 3.27982633e+01,  3.28639006e+01,  3.29654750e+01,
         3.32024936e+01,  1.79957998e+00,  1.76212632e+00,
         1.96511720e+00,  1.66502635e+00, -8.58093573e-01,
        -8.58211624e-01, -2.86549478e-01, -6.34196484e-02,
         5.91605245e-01,  7.62634594e-01,  7.16976296e-01,
         5.71928901e-01,  4.27976028e-01,  2.78888912e-01,
         1.22975344e-01,  2.20162898e-02,  6.41985058e-02],
       [ 3.27982633e+01,  3.28639006e+01,  3.29654750e+01,
         3.32024936e+01,  1.79957998e+00,  1.76212632e+00,
         1.96511720e+00,  1.66502635e+00, -8.58093573e-01,
        -8.58211624e-01, -2.86549478e-01, -6.34196484e-02,
         5.91605245e-01,  7.62634594e-01,  7.16976296e-01,
         5.71928901e-01,  4.27976028e-01,  2.78888912e-01,
         1.22975344e-01,  2.20162898e-02,  6.41985058e-02]]), array([-34.25039202, -34.25039202])]
Training finished for round 27
>>>>>>>>>>>>> evaluating on client-side
>>>>>>>>>>>>> printing final parameters
[array([[ 3.28828424e+01,  3.32883930e+01,  3.36307061e+01,
         3.41650903e+01,  6.25619005e-01,  7.55244411e-01,
         1.18838977e+00,  1.74432484e+00, -1.02935737e+00,
        -7.39937086e-01, -1.20381288e+00, -4.69274899e-01,
         3.59252123e-01,  2.50213951e-01, -9.14161177e-03,
        -7.46283830e-03,  7.29510643e-01,  4.94675949e-01,
         2.74010736e-01,  2.63178392e-01,  4.54282951e-01],
       [ 3.28828424e+01,  3.32883930e+01,  3.36307061e+01,
         3.41650903e+01,  6.25619005e-01,  7.55244411e-01,
         1.18838977e+00,  1.74432484e+00, -1.02935737e+00,
        -7.39937086e-01, -1.20381288e+00, -4.69274899e-01,
         3.59252123e-01,  2.50213951e-01, -9.14161177e-03,
        -7.46283830e-03,  7.29510643e-01,  4.94675949e-01,
         2.74010736e-01,  2.63178392e-01,  4.54282951e-01]]), array([-36.25142172, -36.25142172])]
>>>>>>>>>>>>> printing intermediate parameters
[array([[ 3.28828424e+01,  3.32883930e+01,  3.36307061e+01,
         3.41650903e+01,  6.25619005e-01,  7.55244411e-01,
         1.18838977e+00,  1.74432484e+00, -1.02935737e+00,
        -7.39937086e-01, -1.20381288e+00, -4.69274899e-01,
         3.59252123e-01,  2.50213951e-01, -9.14161177e-03,
        -7.46283830e-03,  7.29510643e-01,  4.94675949e-01,
         2.74010736e-01,  2.63178392e-01,  4.54282951e-01],
       [ 3.28828424e+01,  3.32883930e+01,  3.36307061e+01,
         3.41650903e+01,  6.25619005e-01,  7.55244411e-01,
         1.18838977e+00,  1.74432484e+00, -1.02935737e+00,
        -7.39937086e-01, -1.20381288e+00, -4.69274899e-01,
         3.59252123e-01,  2.50213951e-01, -9.14161177e-03,
        -7.46283830e-03,  7.29510643e-01,  4.94675949e-01,
         2.74010736e-01,  2.63178392e-01,  4.54282951e-01]]), array([-36.25142172, -36.25142172])]
Training finished for round 28
>>>>>>>>>>>>> evaluating on client-side
>>>>>>>>>>>>> printing final parameters
[array([[32.81030202, 33.63616193, 34.23353501, 35.11038401, -0.77471959,
        -0.40555571,  0.25500755,  1.78054966, -1.21926353, -0.56491959,
        -1.92334176, -0.81523068, -0.30558921, -0.82634544, -1.14068856,
        -0.84603004,  0.47939926,  0.12009851, -0.20185764, -0.16694068,
         0.71969641],
       [32.81030202, 33.63616193, 34.23353501, 35.11038401, -0.77471959,
        -0.40555571,  0.25500755,  1.78054966, -1.21926353, -0.56491959,
        -1.92334176, -0.81523068, -0.30558921, -0.82634544, -1.14068856,
        -0.84603004,  0.47939926,  0.12009851, -0.20185764, -0.16694068,
         0.71969641]]), array([-38.40324914, -38.40324914])]
>>>>>>>>>>>>> printing intermediate parameters
[array([[32.81030202, 33.63616193, 34.23353501, 35.11038401, -0.77471959,
        -0.40555571,  0.25500755,  1.78054966, -1.21926353, -0.56491959,
        -1.92334176, -0.81523068, -0.30558921, -0.82634544, -1.14068856,
        -0.84603004,  0.47939926,  0.12009851, -0.20185764, -0.16694068,
         0.71969641],
       [32.81030202, 33.63616193, 34.23353501, 35.11038401, -0.77471959,
        -0.40555571,  0.25500755,  1.78054966, -1.21926353, -0.56491959,
        -1.92334176, -0.81523068, -0.30558921, -0.82634544, -1.14068856,
        -0.84603004,  0.47939926,  0.12009851, -0.20185764, -0.16694068,
         0.71969641]]), array([-38.40324914, -38.40324914])]
Training finished for round 29
>>>>>>>>>>>>> evaluating on client-side
>>>>>>>>>>>>> printing final parameters
[array([[33.0565204 , 34.09886387, 34.83333841, 35.95468   , -1.79120933,
        -1.238704  , -0.47788992,  1.675612  , -1.21656069, -0.28387061,
        -2.10775599, -0.94207998, -1.09157756, -1.96132767, -2.1662016 ,
        -1.59285787, -0.20685415, -0.66310658, -1.05711136, -1.02992947,
         0.74777567],
       [33.0565204 , 34.09886387, 34.83333841, 35.95468   , -1.79120933,
        -1.238704  , -0.47788992,  1.675612  , -1.21656069, -0.28387061,
        -2.10775599, -0.94207998, -1.09157756, -1.96132767, -2.1662016 ,
        -1.59285787, -0.20685415, -0.66310658, -1.05711136, -1.02992947,
         0.74777567]]), array([-40.03359221, -40.03359221])]
>>>>>>>>>>>>> printing intermediate parameters
[array([[33.0565204 , 34.09886387, 34.83333841, 35.95468   , -1.79120933,
        -1.238704  , -0.47788992,  1.675612  , -1.21656069, -0.28387061,
        -2.10775599, -0.94207998, -1.09157756, -1.96132767, -2.1662016 ,
        -1.59285787, -0.20685415, -0.66310658, -1.05711136, -1.02992947,
         0.74777567],
       [33.0565204 , 34.09886387, 34.83333841, 35.95468   , -1.79120933,
        -1.238704  , -0.47788992,  1.675612  , -1.21656069, -0.28387061,
        -2.10775599, -0.94207998, -1.09157756, -1.96132767, -2.1662016 ,
        -1.59285787, -0.20685415, -0.66310658, -1.05711136, -1.02992947,
         0.74777567]]), array([-40.03359221, -40.03359221])]
Training finished for round 30
>>>>>>>>>>>>> evaluating on client-side
>>>>>>>>>>>>> printing final parameters
DEBUG flwr 2023-11-03 22:34:33,156 | connection.py:139 | gRPC channel closed
INFO flwr 2023-11-03 22:34:33,157 | app.py:215 | Disconnect and shut down
[array([[33.92637206, 34.79719504, 35.46570997, 36.61806341, -1.95880828,
        -1.3911883 , -0.74363067,  1.43862899, -0.89873213,  0.0776607 ,
        -1.67870285, -0.80031575, -1.61365982, -2.54079116, -2.53158731,
        -1.86184105, -0.95271534, -1.44317828, -1.81801647, -1.85767749,
         0.51603691],
       [33.92637206, 34.79719504, 35.46570997, 36.61806341, -1.95880828,
        -1.3911883 , -0.74363067,  1.43862899, -0.89873213,  0.0776607 ,
        -1.67870285, -0.80031575, -1.61365982, -2.54079116, -2.53158731,
        -1.86184105, -0.95271534, -1.44317828, -1.81801647, -1.85767749,
         0.51603691]]), array([-40.75656428, -40.75656428])]
