INFO flwr 2023-11-03 22:34:13,154 | grpc.py:49 | Opened insecure gRPC connection (no certificates were passed)
DEBUG flwr 2023-11-03 22:34:13,155 | connection.py:42 | ChannelConnectivity.IDLE
DEBUG flwr 2023-11-03 22:34:13,156 | connection.py:42 | ChannelConnectivity.CONNECTING
DEBUG flwr 2023-11-03 22:34:13,157 | connection.py:42 | ChannelConnectivity.READY
===================
['AGE_[41.0, 57.0)', 'AGE_[57.0, 67.0)', 'AGE_[67.0, 78.0)', 'AGE_[78.0, 199.0)', 'PULSE_[68.5, 77.5)', 'PULSE_[77.5, 85.5)', 'PULSE_[85.5, 98.0)', 'PULSE_[98.0, 282.0)', 'RESPIRATION_[16.0, 18.0)', 'RESPIRATION_[18.0, 144.0)', 'SAO2_[97.0, 98.5)', 'SAO2_[98.5, 200.0)', 'BPDIASTOLIC_[62.5, 70.5)', 'BPDIASTOLIC_[70.5, 76.5)', 'BPDIASTOLIC_[76.5, 85.5)', 'BPDIASTOLIC_[85.5, 5898.0)', 'BPSYSTOLIC_[113.5, 126.0)', 'BPSYSTOLIC_[126.0, 137.0)', 'BPSYSTOLIC_[137.0, 153.0)', 'BPSYSTOLIC_[153.0, 1046.0)']
===================
>>>>>>>>>>>>> setting initial parameters
[[0. 0. 0. 0. 0. 0. 0. 0. 0. 0. 0. 0. 0. 0. 0. 0. 0. 0. 0. 0.]
 [0. 0. 0. 0. 0. 0. 0. 0. 0. 0. 0. 0. 0. 0. 0. 0. 0. 0. 0. 0.]]
>>>>>>>>>>>>> printing intermediate parameters
[array([[0., 0., 0., 0., 0., 0., 0., 0., 0., 0., 0., 0., 0., 0., 0., 0.,
        0., 0., 0., 0.],
       [0., 0., 0., 0., 0., 0., 0., 0., 0., 0., 0., 0., 0., 0., 0., 0.,
        0., 0., 0., 0.]]), array([0., 0.])]
Training finished for round 1
>>>>>>>>>>>>> evaluating on client-side
>>>>>>>>>>>>> printing final parameters
[array([[-0.33526984, -0.16495541,  0.02730146,  0.42056341, -0.35232427,
        -0.26972773, -0.10825007,  0.46256417, -0.65196506, -0.32754233,
        -0.6257908 , -0.40018209, -0.2436845 , -0.3677368 , -0.38697786,
        -0.26599724, -0.1643103 , -0.30021498, -0.38150459, -0.4045973 ],
       [-0.33526984, -0.16495541,  0.02730146,  0.42056341, -0.35232427,
        -0.26972773, -0.10825007,  0.46256417, -0.65196506, -0.32754233,
        -0.6257908 , -0.40018209, -0.2436845 , -0.3677368 , -0.38697786,
        -0.26599724, -0.1643103 , -0.30021498, -0.38150459, -0.4045973 ]]), array([-1.14781121, -1.14781121])]
>>>>>>>>>>>>> printing intermediate parameters
[array([[-0.33526984, -0.16495541,  0.02730146,  0.42056341, -0.35232427,
        -0.26972773, -0.10825007,  0.46256417, -0.65196506, -0.32754233,
        -0.6257908 , -0.40018209, -0.2436845 , -0.3677368 , -0.38697786,
        -0.26599724, -0.1643103 , -0.30021498, -0.38150459, -0.4045973 ],
       [-0.33526984, -0.16495541,  0.02730146,  0.42056341, -0.35232427,
        -0.26972773, -0.10825007,  0.46256417, -0.65196506, -0.32754233,
        -0.6257908 , -0.40018209, -0.2436845 , -0.3677368 , -0.38697786,
        -0.26599724, -0.1643103 , -0.30021498, -0.38150459, -0.4045973 ]]), array([-1.14781121, -1.14781121])]
Training finished for round 2
>>>>>>>>>>>>> evaluating on client-side
>>>>>>>>>>>>> printing final parameters
[array([[-0.28725903,  0.45165555,  0.92680556,  1.75807668, -0.56521322,
        -0.24730263,  0.17406967,  1.487222  , -1.60620341, -0.94795276,
        -1.40849003, -0.77494584, -0.62050644, -0.99664021, -1.00259794,
        -0.61804361, -0.51108384, -0.8857104 , -1.18874475, -1.27334857],
       [-0.28725903,  0.45165555,  0.92680556,  1.75807668, -0.56521322,
        -0.24730263,  0.17406967,  1.487222  , -1.60620341, -0.94795276,
        -1.40849003, -0.77494584, -0.62050644, -0.99664021, -1.00259794,
        -0.61804361, -0.51108384, -0.8857104 , -1.18874475, -1.27334857]]), array([-3.79975782, -3.79975782])]
>>>>>>>>>>>>> printing intermediate parameters
[array([[-0.28725903,  0.45165555,  0.92680556,  1.75807668, -0.56521322,
        -0.24730263,  0.17406967,  1.487222  , -1.60620341, -0.94795276,
        -1.40849003, -0.77494584, -0.62050644, -0.99664021, -1.00259794,
        -0.61804361, -0.51108384, -0.8857104 , -1.18874475, -1.27334857],
       [-0.28725903,  0.45165555,  0.92680556,  1.75807668, -0.56521322,
        -0.24730263,  0.17406967,  1.487222  , -1.60620341, -0.94795276,
        -1.40849003, -0.77494584, -0.62050644, -0.99664021, -1.00259794,
        -0.61804361, -0.51108384, -0.8857104 , -1.18874475, -1.27334857]]), array([-3.79975782, -3.79975782])]
Training finished for round 3
>>>>>>>>>>>>> evaluating on client-side
>>>>>>>>>>>>> printing final parameters
[array([[ 0.61104512,  1.73099525,  2.4620983 ,  3.66648665, -0.39278447,
         0.08842031,  0.76116116,  2.5757183 , -2.30768028, -1.39323744,
        -1.92537952, -0.99368287, -0.87616398, -1.45473446, -1.39614042,
        -0.81718821, -0.82004139, -1.43653435, -1.95223212, -2.1377451 ],
       [ 0.61104512,  1.73099525,  2.4620983 ,  3.66648665, -0.39278447,
         0.08842031,  0.76116116,  2.5757183 , -2.30768028, -1.39323744,
        -1.92537952, -0.99368287, -0.87616398, -1.45473446, -1.39614042,
        -0.81718821, -0.82004139, -1.43653435, -1.95223212, -2.1377451 ]]), array([-7.12511918, -7.12511918])]
>>>>>>>>>>>>> printing intermediate parameters
[array([[ 0.61104512,  1.73099525,  2.4620983 ,  3.66648665, -0.39278447,
         0.08842031,  0.76116116,  2.5757183 , -2.30768028, -1.39323744,
        -1.92537952, -0.99368287, -0.87616398, -1.45473446, -1.39614042,
        -0.81718821, -0.82004139, -1.43653435, -1.95223212, -2.1377451 ],
       [ 0.61104512,  1.73099525,  2.4620983 ,  3.66648665, -0.39278447,
         0.08842031,  0.76116116,  2.5757183 , -2.30768028, -1.39323744,
        -1.92537952, -0.99368287, -0.87616398, -1.45473446, -1.39614042,
        -0.81718821, -0.82004139, -1.43653435, -1.95223212, -2.1377451 ]]), array([-7.12511918, -7.12511918])]
Training finished for round 4
>>>>>>>>>>>>> evaluating on client-side
>>>>>>>>>>>>> printing final parameters
[array([[ 2.11459633,  3.30413887,  4.11875354,  5.43886783,  0.09487379,
         0.60085957,  1.38271044,  3.20070904, -2.4237131 , -1.47938463,
        -1.92201969, -0.92641276, -0.8901487 , -1.52078533, -1.38719111,
        -0.75653041, -0.94799518, -1.68741706, -2.30950507, -2.57503866],
       [ 2.11459633,  3.30413887,  4.11875354,  5.43886783,  0.09487379,
         0.60085957,  1.38271044,  3.20070904, -2.4237131 , -1.47938463,
        -1.92201969, -0.92641276, -0.8901487 , -1.52078533, -1.38719111,
        -0.75653041, -0.94799518, -1.68741706, -2.30950507, -2.57503866]]), array([-9.68022892, -9.68022892])]
>>>>>>>>>>>>> printing intermediate parameters
[array([[ 2.11459633,  3.30413887,  4.11875354,  5.43886783,  0.09487379,
         0.60085957,  1.38271044,  3.20070904, -2.4237131 , -1.47938463,
        -1.92201969, -0.92641276, -0.8901487 , -1.52078533, -1.38719111,
        -0.75653041, -0.94799518, -1.68741706, -2.30950507, -2.57503866],
       [ 2.11459633,  3.30413887,  4.11875354,  5.43886783,  0.09487379,
         0.60085957,  1.38271044,  3.20070904, -2.4237131 , -1.47938463,
        -1.92201969, -0.92641276, -0.8901487 , -1.52078533, -1.38719111,
        -0.75653041, -0.94799518, -1.68741706, -2.30950507, -2.57503866]]), array([-9.68022892, -9.68022892])]
Training finished for round 5
>>>>>>>>>>>>> evaluating on client-side
>>>>>>>>>>>>> printing final parameters
[array([[ 4.31151215,  5.17183884,  5.89341699,  7.02080012,  0.81880651,
         1.172613  ,  1.87619349,  3.20461039, -1.86202555, -1.13122811,
        -1.41026011, -0.58145924, -0.62503455, -1.12510031, -0.92950055,
        -0.42763965, -0.82798713, -1.5383166 , -2.09776718, -2.40025655],
       [ 4.31151215,  5.17183884,  5.89341699,  7.02080012,  0.81880651,
         1.172613  ,  1.87619349,  3.20461039, -1.86202555, -1.13122811,
        -1.41026011, -0.58145924, -0.62503455, -1.12510031, -0.92950055,
        -0.42763965, -0.82798713, -1.5383166 , -2.09776718, -2.40025655]]), array([-11.19309248, -11.19309248])]
>>>>>>>>>>>>> printing intermediate parameters
[array([[ 4.31151215,  5.17183884,  5.89341699,  7.02080012,  0.81880651,
         1.172613  ,  1.87619349,  3.20461039, -1.86202555, -1.13122811,
        -1.41026011, -0.58145924, -0.62503455, -1.12510031, -0.92950055,
        -0.42763965, -0.82798713, -1.5383166 , -2.09776718, -2.40025655],
       [ 4.31151215,  5.17183884,  5.89341699,  7.02080012,  0.81880651,
         1.172613  ,  1.87619349,  3.20461039, -1.86202555, -1.13122811,
        -1.41026011, -0.58145924, -0.62503455, -1.12510031, -0.92950055,
        -0.42763965, -0.82798713, -1.5383166 , -2.09776718, -2.40025655]]), array([-11.19309248, -11.19309248])]
Training finished for round 6
>>>>>>>>>>>>> evaluating on client-side
>>>>>>>>>>>>> printing final parameters
[array([[ 7.006215  ,  7.27013337,  7.70647007,  8.49153132,  1.30606401,
         1.39626859,  1.84821794,  2.47276744, -0.79040137, -0.44221955,
        -0.65003514, -0.17743837, -0.1989198 , -0.42968689, -0.23843836,
        -0.01536094, -0.47314318, -1.00248467, -1.33030254, -1.58914844],
       [ 7.006215  ,  7.27013337,  7.70647007,  8.49153132,  1.30606401,
         1.39626859,  1.84821794,  2.47276744, -0.79040137, -0.44221955,
        -0.65003514, -0.17743837, -0.1989198 , -0.42968689, -0.23843836,
        -0.01536094, -0.47314318, -1.00248467, -1.33030254, -1.58914844]]), array([-11.75824854, -11.75824854])]
>>>>>>>>>>>>> printing intermediate parameters
[array([[ 7.006215  ,  7.27013337,  7.70647007,  8.49153132,  1.30606401,
         1.39626859,  1.84821794,  2.47276744, -0.79040137, -0.44221955,
        -0.65003514, -0.17743837, -0.1989198 , -0.42968689, -0.23843836,
        -0.01536094, -0.47314318, -1.00248467, -1.33030254, -1.58914844],
       [ 7.006215  ,  7.27013337,  7.70647007,  8.49153132,  1.30606401,
         1.39626859,  1.84821794,  2.47276744, -0.79040137, -0.44221955,
        -0.65003514, -0.17743837, -0.1989198 , -0.42968689, -0.23843836,
        -0.01536094, -0.47314318, -1.00248467, -1.33030254, -1.58914844]]), array([-11.75824854, -11.75824854])]
Training finished for round 7
>>>>>>>>>>>>> evaluating on client-side
>>>>>>>>>>>>> printing final parameters
[array([[ 9.64396549e+00,  9.44063675e+00,  9.56733501e+00,
         9.93618950e+00,  1.14509977e+00,  1.05250818e+00,
         1.24236676e+00,  1.25980893e+00,  2.52956876e-01,
         2.70582917e-01,  5.24305802e-03,  1.24133048e-01,
         1.23508458e-01,  1.29383730e-01,  2.52071694e-01,
         2.36872444e-01, -1.03855704e-01, -3.68606442e-01,
        -4.60604153e-01, -6.16217277e-01],
       [ 9.64396549e+00,  9.44063675e+00,  9.56733501e+00,
         9.93618950e+00,  1.14509977e+00,  1.05250818e+00,
         1.24236676e+00,  1.25980893e+00,  2.52956876e-01,
         2.70582917e-01,  5.24305802e-03,  1.24133048e-01,
         1.23508458e-01,  1.29383730e-01,  2.52071694e-01,
         2.36872444e-01, -1.03855704e-01, -3.68606442e-01,
        -4.60604153e-01, -6.16217277e-01]]), array([-11.84754956, -11.84754956])]
>>>>>>>>>>>>> printing intermediate parameters
[array([[ 9.64396549e+00,  9.44063675e+00,  9.56733501e+00,
         9.93618950e+00,  1.14509977e+00,  1.05250818e+00,
         1.24236676e+00,  1.25980893e+00,  2.52956876e-01,
         2.70582917e-01,  5.24305802e-03,  1.24133048e-01,
         1.23508458e-01,  1.29383730e-01,  2.52071694e-01,
         2.36872444e-01, -1.03855704e-01, -3.68606442e-01,
        -4.60604153e-01, -6.16217277e-01],
       [ 9.64396549e+00,  9.44063675e+00,  9.56733501e+00,
         9.93618950e+00,  1.14509977e+00,  1.05250818e+00,
         1.24236676e+00,  1.25980893e+00,  2.52956876e-01,
         2.70582917e-01,  5.24305802e-03,  1.24133048e-01,
         1.23508458e-01,  1.29383730e-01,  2.52071694e-01,
         2.36872444e-01, -1.03855704e-01, -3.68606442e-01,
        -4.60604153e-01, -6.16217277e-01]]), array([-11.84754956, -11.84754956])]
Training finished for round 8
>>>>>>>>>>>>> evaluating on client-side
>>>>>>>>>>>>> printing final parameters
[array([[1.17151155e+01, 1.14422859e+01, 1.14140551e+01, 1.15087563e+01,
        5.09967973e-01, 4.00068310e-01, 4.65720707e-01, 2.63909375e-01,
        8.50831543e-01, 7.42716479e-01, 2.10952134e-01, 1.82667314e-01,
        2.15621750e-01, 3.15610095e-01, 3.42934291e-01, 2.45107524e-01,
        1.10187054e-01, 4.10793696e-02, 5.84489745e-02, 6.00520771e-03],
       [1.17151155e+01, 1.14422859e+01, 1.14140551e+01, 1.15087563e+01,
        5.09967973e-01, 4.00068310e-01, 4.65720707e-01, 2.63909375e-01,
        8.50831543e-01, 7.42716479e-01, 2.10952134e-01, 1.82667314e-01,
        2.15621750e-01, 3.15610095e-01, 3.42934291e-01, 2.45107524e-01,
        1.10187054e-01, 4.10793696e-02, 5.84489745e-02, 6.00520771e-03]]), array([-12.46892601, -12.46892601])]
>>>>>>>>>>>>> printing intermediate parameters
[array([[1.17151155e+01, 1.14422859e+01, 1.14140551e+01, 1.15087563e+01,
        5.09967973e-01, 4.00068310e-01, 4.65720707e-01, 2.63909375e-01,
        8.50831543e-01, 7.42716479e-01, 2.10952134e-01, 1.82667314e-01,
        2.15621750e-01, 3.15610095e-01, 3.42934291e-01, 2.45107524e-01,
        1.10187054e-01, 4.10793696e-02, 5.84489745e-02, 6.00520771e-03],
       [1.17151155e+01, 1.14422859e+01, 1.14140551e+01, 1.15087563e+01,
        5.09967973e-01, 4.00068310e-01, 4.65720707e-01, 2.63909375e-01,
        8.50831543e-01, 7.42716479e-01, 2.10952134e-01, 1.82667314e-01,
        2.15621750e-01, 3.15610095e-01, 3.42934291e-01, 2.45107524e-01,
        1.10187054e-01, 4.10793696e-02, 5.84489745e-02, 6.00520771e-03]]), array([-12.46892601, -12.46892601])]
Training finished for round 9
>>>>>>>>>>>>> evaluating on client-side
>>>>>>>>>>>>> printing final parameters
[array([[13.15874398, 13.09394951, 13.09753411, 13.22599581, -0.56149742,
        -0.56911103, -0.48438003, -0.2690501 ,  0.77521687,  0.86303801,
        -0.18941161, -0.08966495,  0.06223558,  0.09805815,  0.01655005,
        -0.01564823,  0.16535585,  0.13778345,  0.14659992,  0.1526765 ],
       [13.15874398, 13.09394951, 13.09753411, 13.22599581, -0.56149742,
        -0.56911103, -0.48438003, -0.2690501 ,  0.77521687,  0.86303801,
        -0.18941161, -0.08966495,  0.06223558,  0.09805815,  0.01655005,
        -0.01564823,  0.16535585,  0.13778345,  0.14659992,  0.1526765 ]]), array([-14.04765906, -14.04765906])]
>>>>>>>>>>>>> printing intermediate parameters
[array([[13.15874398, 13.09394951, 13.09753411, 13.22599581, -0.56149742,
        -0.56911103, -0.48438003, -0.2690501 ,  0.77521687,  0.86303801,
        -0.18941161, -0.08966495,  0.06223558,  0.09805815,  0.01655005,
        -0.01564823,  0.16535585,  0.13778345,  0.14659992,  0.1526765 ],
       [13.15874398, 13.09394951, 13.09753411, 13.22599581, -0.56149742,
        -0.56911103, -0.48438003, -0.2690501 ,  0.77521687,  0.86303801,
        -0.18941161, -0.08966495,  0.06223558,  0.09805815,  0.01655005,
        -0.01564823,  0.16535585,  0.13778345,  0.14659992,  0.1526765 ]]), array([-14.04765906, -14.04765906])]
Training finished for round 10
>>>>>>>>>>>>> evaluating on client-side
>>>>>>>>>>>>> printing final parameters
[array([[ 1.39936965e+01,  1.44030947e+01,  1.46636143e+01,
         1.50734536e+01, -1.77698701e+00, -1.54595659e+00,
        -1.22280934e+00, -1.13716553e-01,  8.55506579e-02,
         5.68658387e-01, -1.04850062e+00, -5.27105967e-01,
        -3.56349948e-01, -5.48715197e-01, -7.03959369e-01,
        -5.07457299e-01,  1.46992978e-02, -1.33851163e-01,
        -3.08199724e-01, -3.23342483e-01],
       [ 1.39936965e+01,  1.44030947e+01,  1.46636143e+01,
         1.50734536e+01, -1.77698701e+00, -1.54595659e+00,
        -1.22280934e+00, -1.13716553e-01,  8.55506579e-02,
         5.68658387e-01, -1.04850062e+00, -5.27105967e-01,
        -3.56349948e-01, -5.48715197e-01, -7.03959369e-01,
        -5.07457299e-01,  1.46992978e-02, -1.33851163e-01,
        -3.08199724e-01, -3.23342483e-01]]), array([-16.49031631, -16.49031631])]
>>>>>>>>>>>>> printing intermediate parameters
[array([[ 1.39936965e+01,  1.44030947e+01,  1.46636143e+01,
         1.50734536e+01, -1.77698701e+00, -1.54595659e+00,
        -1.22280934e+00, -1.13716553e-01,  8.55506579e-02,
         5.68658387e-01, -1.04850062e+00, -5.27105967e-01,
        -3.56349948e-01, -5.48715197e-01, -7.03959369e-01,
        -5.07457299e-01,  1.46992978e-02, -1.33851163e-01,
        -3.08199724e-01, -3.23342483e-01],
       [ 1.39936965e+01,  1.44030947e+01,  1.46636143e+01,
         1.50734536e+01, -1.77698701e+00, -1.54595659e+00,
        -1.22280934e+00, -1.13716553e-01,  8.55506579e-02,
         5.68658387e-01, -1.04850062e+00, -5.27105967e-01,
        -3.56349948e-01, -5.48715197e-01, -7.03959369e-01,
        -5.07457299e-01,  1.46992978e-02, -1.33851163e-01,
        -3.08199724e-01, -3.23342483e-01]]), array([-16.49031631, -16.49031631])]
Training finished for round 11
>>>>>>>>>>>>> evaluating on client-side
>>>>>>>>>>>>> printing final parameters
[array([[14.53285223, 15.48292782, 16.05952493, 16.86889533, -2.07021922,
        -1.60221609, -0.98852978,  0.86568572, -1.07096979, -0.21092392,
        -1.82309987, -0.8993804 , -0.79433318, -1.26224536, -1.37870503,
        -0.89709169, -0.37576524, -0.75851578, -1.19448088, -1.29161752],
       [14.53285223, 15.48292782, 16.05952493, 16.86889533, -2.07021922,
        -1.60221609, -0.98852978,  0.86568572, -1.07096979, -0.21092392,
        -1.82309987, -0.8993804 , -0.79433318, -1.26224536, -1.37870503,
        -0.89709169, -0.37576524, -0.75851578, -1.19448088, -1.29161752]]), array([-19.35687443, -19.35687443])]
>>>>>>>>>>>>> printing intermediate parameters
[array([[14.53285223, 15.48292782, 16.05952493, 16.86889533, -2.07021922,
        -1.60221609, -0.98852978,  0.86568572, -1.07096979, -0.21092392,
        -1.82309987, -0.8993804 , -0.79433318, -1.26224536, -1.37870503,
        -0.89709169, -0.37576524, -0.75851578, -1.19448088, -1.29161752],
       [14.53285223, 15.48292782, 16.05952493, 16.86889533, -2.07021922,
        -1.60221609, -0.98852978,  0.86568572, -1.07096979, -0.21092392,
        -1.82309987, -0.8993804 , -0.79433318, -1.26224536, -1.37870503,
        -0.89709169, -0.37576524, -0.75851578, -1.19448088, -1.29161752]]), array([-19.35687443, -19.35687443])]
Training finished for round 12
>>>>>>>>>>>>> evaluating on client-side
>>>>>>>>>>>>> printing final parameters
[array([[15.28217265, 16.57259671, 17.36111204, 18.49065138, -1.31427053,
        -0.72822978,  0.08194439,  2.16316754, -2.14891423, -1.11478847,
        -2.13083718, -1.02461   , -1.03097083, -1.67900679, -1.66430723,
        -0.98907053, -0.8109213 , -1.42060126, -2.0670699 , -2.26527737],
       [15.28217265, 16.57259671, 17.36111204, 18.49065138, -1.31427053,
        -0.72822978,  0.08194439,  2.16316754, -2.14891423, -1.11478847,
        -2.13083718, -1.02461   , -1.03097083, -1.67900679, -1.66430723,
        -0.98907053, -0.8109213 , -1.42060126, -2.0670699 , -2.26527737]]), array([-21.94471957, -21.94471957])]
>>>>>>>>>>>>> printing intermediate parameters
[array([[15.28217265, 16.57259671, 17.36111204, 18.49065138, -1.31427053,
        -0.72822978,  0.08194439,  2.16316754, -2.14891423, -1.11478847,
        -2.13083718, -1.02461   , -1.03097083, -1.67900679, -1.66430723,
        -0.98907053, -0.8109213 , -1.42060126, -2.0670699 , -2.26527737],
       [15.28217265, 16.57259671, 17.36111204, 18.49065138, -1.31427053,
        -0.72822978,  0.08194439,  2.16316754, -2.14891423, -1.11478847,
        -2.13083718, -1.02461   , -1.03097083, -1.67900679, -1.66430723,
        -0.98907053, -0.8109213 , -1.42060126, -2.0670699 , -2.26527737]]), array([-21.94471957, -21.94471957])]
Training finished for round 13
>>>>>>>>>>>>> evaluating on client-side
>>>>>>>>>>>>> printing final parameters
[array([[16.66282288, 17.90145737, 18.7010319 , 19.90582507,  0.05188555,
         0.58709831,  1.39742173,  3.08752771, -2.6498963 , -1.72131003,
        -1.81376431, -0.83748667, -0.95468153, -1.60091642, -1.42777154,
        -0.74125938, -1.06864056, -1.78830437, -2.48014858, -2.7563769 ],
       [16.66282288, 17.90145737, 18.7010319 , 19.90582507,  0.05188555,
         0.58709831,  1.39742173,  3.08752771, -2.6498963 , -1.72131003,
        -1.81376431, -0.83748667, -0.95468153, -1.60091642, -1.42777154,
        -0.74125938, -1.06864056, -1.78830437, -2.48014858, -2.7563769 ]]), array([-23.66429119, -23.66429119])]
>>>>>>>>>>>>> printing intermediate parameters
[array([[16.66282288, 17.90145737, 18.7010319 , 19.90582507,  0.05188555,
         0.58709831,  1.39742173,  3.08752771, -2.6498963 , -1.72131003,
        -1.81376431, -0.83748667, -0.95468153, -1.60091642, -1.42777154,
        -0.74125938, -1.06864056, -1.78830437, -2.48014858, -2.7563769 ],
       [16.66282288, 17.90145737, 18.7010319 , 19.90582507,  0.05188555,
         0.58709831,  1.39742173,  3.08752771, -2.6498963 , -1.72131003,
        -1.81376431, -0.83748667, -0.95468153, -1.60091642, -1.42777154,
        -0.74125938, -1.06864056, -1.78830437, -2.48014858, -2.7563769 ]]), array([-23.66429119, -23.66429119])]
Training finished for round 14
>>>>>>>>>>>>> evaluating on client-side
>>>>>>>>>>>>> printing final parameters
[array([[18.67296247, 19.44375782, 20.08712013, 21.11123342,  1.58656796,
         1.88712151,  2.51622031,  3.38191947, -2.3858959 , -1.80314717,
        -1.04526614, -0.43438494, -0.54898095, -0.99843136, -0.70260431,
        -0.22624909, -1.01130825, -1.70189089, -2.23651622, -2.54418236],
       [18.67296247, 19.44375782, 20.08712013, 21.11123342,  1.58656796,
         1.88712151,  2.51622031,  3.38191947, -2.3858959 , -1.80314717,
        -1.04526614, -0.43438494, -0.54898095, -0.99843136, -0.70260431,
        -0.22624909, -1.01130825, -1.70189089, -2.23651622, -2.54418236]]), array([-24.47717167, -24.47717167])]
>>>>>>>>>>>>> printing intermediate parameters
[array([[18.67296247, 19.44375782, 20.08712013, 21.11123342,  1.58656796,
         1.88712151,  2.51622031,  3.38191947, -2.3858959 , -1.80314717,
        -1.04526614, -0.43438494, -0.54898095, -0.99843136, -0.70260431,
        -0.22624909, -1.01130825, -1.70189089, -2.23651622, -2.54418236],
       [18.67296247, 19.44375782, 20.08712013, 21.11123342,  1.58656796,
         1.88712151,  2.51622031,  3.38191947, -2.3858959 , -1.80314717,
        -1.04526614, -0.43438494, -0.54898095, -0.99843136, -0.70260431,
        -0.22624909, -1.01130825, -1.70189089, -2.23651622, -2.54418236]]), array([-24.47717167, -24.47717167])]
Training finished for round 15
>>>>>>>>>>>>> evaluating on client-side
>>>>>>>>>>>>> printing final parameters
[array([[ 2.09187969e+01,  2.11106877e+01,  2.14735563e+01,
         2.21211413e+01,  2.38117012e+00,  2.41744412e+00,
         2.77815407e+00,  2.80916855e+00, -1.32014792e+00,
        -1.14471791e+00, -1.95179893e-01,  2.83111303e-03,
        -7.27665516e-02, -2.43192419e-01,  4.81122897e-02,
         2.08372095e-01, -6.34542238e-01, -1.12900243e+00,
        -1.39484109e+00, -1.64101403e+00],
       [ 2.09187969e+01,  2.11106877e+01,  2.14735563e+01,
         2.21211413e+01,  2.38117012e+00,  2.41744412e+00,
         2.77815407e+00,  2.80916855e+00, -1.32014792e+00,
        -1.14471791e+00, -1.95179893e-01,  2.83111303e-03,
        -7.27665516e-02, -2.43192419e-01,  4.81122897e-02,
         2.08372095e-01, -6.34542238e-01, -1.12900243e+00,
        -1.39484109e+00, -1.64101403e+00]]), array([-24.71104205, -24.71104205])]
>>>>>>>>>>>>> printing intermediate parameters
[array([[ 2.09187969e+01,  2.11106877e+01,  2.14735563e+01,
         2.21211413e+01,  2.38117012e+00,  2.41744412e+00,
         2.77815407e+00,  2.80916855e+00, -1.32014792e+00,
        -1.14471791e+00, -1.95179893e-01,  2.83111303e-03,
        -7.27665516e-02, -2.43192419e-01,  4.81122897e-02,
         2.08372095e-01, -6.34542238e-01, -1.12900243e+00,
        -1.39484109e+00, -1.64101403e+00],
       [ 2.09187969e+01,  2.11106877e+01,  2.14735563e+01,
         2.21211413e+01,  2.38117012e+00,  2.41744412e+00,
         2.77815407e+00,  2.80916855e+00, -1.32014792e+00,
        -1.14471791e+00, -1.95179893e-01,  2.83111303e-03,
        -7.27665516e-02, -2.43192419e-01,  4.81122897e-02,
         2.08372095e-01, -6.34542238e-01, -1.12900243e+00,
        -1.39484109e+00, -1.64101403e+00]]), array([-24.71104205, -24.71104205])]
Training finished for round 16
>>>>>>>>>>>>> evaluating on client-side
>>>>>>>>>>>>> printing final parameters
[array([[ 2.28199997e+01,  2.27240102e+01,  2.28741485e+01,
         2.31308089e+01,  1.97286338e+00,  1.91135066e+00,
         2.06865270e+00,  1.62512597e+00,  2.24796358e-02,
        -3.22063377e-02,  2.29707596e-01,  2.43778449e-01,
         2.23885588e-01,  2.49941207e-01,  3.90318323e-01,
         3.21775376e-01, -1.17912165e-01, -3.44440169e-01,
        -4.04116508e-01, -5.30618551e-01],
       [ 2.28199997e+01,  2.27240102e+01,  2.28741485e+01,
         2.31308089e+01,  1.97286338e+00,  1.91135066e+00,
         2.06865270e+00,  1.62512597e+00,  2.24796358e-02,
        -3.22063377e-02,  2.29707596e-01,  2.43778449e-01,
         2.23885588e-01,  2.49941207e-01,  3.90318323e-01,
         3.21775376e-01, -1.17912165e-01, -3.44440169e-01,
        -4.04116508e-01, -5.30618551e-01]]), array([-24.91470062, -24.91470062])]
>>>>>>>>>>>>> printing intermediate parameters
[array([[ 2.28199997e+01,  2.27240102e+01,  2.28741485e+01,
         2.31308089e+01,  1.97286338e+00,  1.91135066e+00,
         2.06865270e+00,  1.62512597e+00,  2.24796358e-02,
        -3.22063377e-02,  2.29707596e-01,  2.43778449e-01,
         2.23885588e-01,  2.49941207e-01,  3.90318323e-01,
         3.21775376e-01, -1.17912165e-01, -3.44440169e-01,
        -4.04116508e-01, -5.30618551e-01],
       [ 2.28199997e+01,  2.27240102e+01,  2.28741485e+01,
         2.31308089e+01,  1.97286338e+00,  1.91135066e+00,
         2.06865270e+00,  1.62512597e+00,  2.24796358e-02,
        -3.22063377e-02,  2.29707596e-01,  2.43778449e-01,
         2.23885588e-01,  2.49941207e-01,  3.90318323e-01,
         3.21775376e-01, -1.17912165e-01, -3.44440169e-01,
        -4.04116508e-01, -5.30618551e-01]]), array([-24.91470062, -24.91470062])]
Training finished for round 17
>>>>>>>>>>>>> evaluating on client-side
>>>>>>>>>>>>> printing final parameters
[array([[24.14020921, 24.10550054, 24.20789832, 24.26809071,  0.91170384,
         0.90012086,  1.00892064,  0.68500386,  0.89968312,  0.85402386,
         0.09193222,  0.19232146,  0.24692306,  0.3129285 ,  0.26820139,
         0.15025795,  0.25268596,  0.19533436,  0.19462737,  0.17637618],
       [24.14020921, 24.10550054, 24.20789832, 24.26809071,  0.91170384,
         0.90012086,  1.00892064,  0.68500386,  0.89968312,  0.85402386,
         0.09193222,  0.19232146,  0.24692306,  0.3129285 ,  0.26820139,
         0.15025795,  0.25268596,  0.19533436,  0.19462737,  0.17637618]]), array([-25.7840176, -25.7840176])]
>>>>>>>>>>>>> printing intermediate parameters
[array([[24.14020921, 24.10550054, 24.20789832, 24.26809071,  0.91170384,
         0.90012086,  1.00892064,  0.68500386,  0.89968312,  0.85402386,
         0.09193222,  0.19232146,  0.24692306,  0.3129285 ,  0.26820139,
         0.15025795,  0.25268596,  0.19533436,  0.19462737,  0.17637618],
       [24.14020921, 24.10550054, 24.20789832, 24.26809071,  0.91170384,
         0.90012086,  1.00892064,  0.68500386,  0.89968312,  0.85402386,
         0.09193222,  0.19232146,  0.24692306,  0.3129285 ,  0.26820139,
         0.15025795,  0.25268596,  0.19533436,  0.19462737,  0.17637618]]), array([-25.7840176, -25.7840176])]
Training finished for round 18
>>>>>>>>>>>>> evaluating on client-side
>>>>>>>>>>>>> printing final parameters
[array([[ 2.49530260e+01,  2.51528362e+01,  2.53344276e+01,
         2.55278720e+01, -6.15700746e-01, -5.01202421e-01,
        -3.09955342e-01,  1.67666571e-01,  1.14828138e+00,
         1.38130444e+00, -5.85500302e-01, -1.76032414e-01,
         6.04146964e-03, -5.03538452e-02, -2.62988012e-01,
        -2.75458751e-01,  4.46560383e-01,  3.95465810e-01,
         3.48589936e-01,  3.87728110e-01],
       [ 2.49530260e+01,  2.51528362e+01,  2.53344276e+01,
         2.55278720e+01, -6.15700746e-01, -5.01202421e-01,
        -3.09955342e-01,  1.67666571e-01,  1.14828138e+00,
         1.38130444e+00, -5.85500302e-01, -1.76032414e-01,
         6.04146964e-03, -5.03538452e-02, -2.62988012e-01,
        -2.75458751e-01,  4.46560383e-01,  3.95465810e-01,
         3.48589936e-01,  3.87728110e-01]]), array([-27.53955246, -27.53955246])]
>>>>>>>>>>>>> printing intermediate parameters
[array([[ 2.49530260e+01,  2.51528362e+01,  2.53344276e+01,
         2.55278720e+01, -6.15700746e-01, -5.01202421e-01,
        -3.09955342e-01,  1.67666571e-01,  1.14828138e+00,
         1.38130444e+00, -5.85500302e-01, -1.76032414e-01,
         6.04146964e-03, -5.03538452e-02, -2.62988012e-01,
        -2.75458751e-01,  4.46560383e-01,  3.95465810e-01,
         3.48589936e-01,  3.87728110e-01],
       [ 2.49530260e+01,  2.51528362e+01,  2.53344276e+01,
         2.55278720e+01, -6.15700746e-01, -5.01202421e-01,
        -3.09955342e-01,  1.67666571e-01,  1.14828138e+00,
         1.38130444e+00, -5.85500302e-01, -1.76032414e-01,
         6.04146964e-03, -5.03538452e-02, -2.62988012e-01,
        -2.75458751e-01,  4.46560383e-01,  3.95465810e-01,
         3.48589936e-01,  3.87728110e-01]]), array([-27.53955246, -27.53955246])]
Training finished for round 19
>>>>>>>>>>>>> evaluating on client-side
>>>>>>>>>>>>> printing final parameters
[array([[25.34320139, 25.96924108, 26.35464108, 26.88973035, -2.10445411,
        -1.74973124, -1.26721317,  0.2107335 ,  0.83612517,  1.43966333,
        -1.4248271 , -0.60687711, -0.53069746, -0.87606281, -1.14109926,
        -0.86735481,  0.2486821 ,  0.08213642, -0.16840484, -0.15349615],
       [25.34320139, 25.96924108, 26.35464108, 26.88973035, -2.10445411,
        -1.74973124, -1.26721317,  0.2107335 ,  0.83612517,  1.43966333,
        -1.4248271 , -0.60687711, -0.53069746, -0.87606281, -1.14109926,
        -0.86735481,  0.2486821 ,  0.08213642, -0.16840484, -0.15349615]]), array([-29.83310515, -29.83310515])]
>>>>>>>>>>>>> printing intermediate parameters
[array([[25.34320139, 25.96924108, 26.35464108, 26.88973035, -2.10445411,
        -1.74973124, -1.26721317,  0.2107335 ,  0.83612517,  1.43966333,
        -1.4248271 , -0.60687711, -0.53069746, -0.87606281, -1.14109926,
        -0.86735481,  0.2486821 ,  0.08213642, -0.16840484, -0.15349615],
       [25.34320139, 25.96924108, 26.35464108, 26.88973035, -2.10445411,
        -1.74973124, -1.26721317,  0.2107335 ,  0.83612517,  1.43966333,
        -1.4248271 , -0.60687711, -0.53069746, -0.87606281, -1.14109926,
        -0.86735481,  0.2486821 ,  0.08213642, -0.16840484, -0.15349615]]), array([-29.83310515, -29.83310515])]
Training finished for round 20
>>>>>>>>>>>>> evaluating on client-side
>>>>>>>>>>>>> printing final parameters
[array([[25.66202106, 26.7052357 , 27.28609794, 28.22133887, -2.44750093,
        -1.93481267, -1.20262122,  0.95358594, -0.05044489,  0.82111236,
        -2.00656042, -0.92670562, -0.98556041, -1.60976506, -1.76554899,
        -1.18129977, -0.29320296, -0.67989773, -1.17809368, -1.24350077],
       [25.66202106, 26.7052357 , 27.28609794, 28.22133887, -2.44750093,
        -1.93481267, -1.20262122,  0.95358594, -0.05044489,  0.82111236,
        -2.00656042, -0.92670562, -0.98556041, -1.60976506, -1.76554899,
        -1.18129977, -0.29320296, -0.67989773, -1.17809368, -1.24350077]]), array([-32.08325767, -32.08325767])]
>>>>>>>>>>>>> printing intermediate parameters
[array([[25.66202106, 26.7052357 , 27.28609794, 28.22133887, -2.44750093,
        -1.93481267, -1.20262122,  0.95358594, -0.05044489,  0.82111236,
        -2.00656042, -0.92670562, -0.98556041, -1.60976506, -1.76554899,
        -1.18129977, -0.29320296, -0.67989773, -1.17809368, -1.24350077],
       [25.66202106, 26.7052357 , 27.28609794, 28.22133887, -2.44750093,
        -1.93481267, -1.20262122,  0.95358594, -0.05044489,  0.82111236,
        -2.00656042, -0.92670562, -0.98556041, -1.60976506, -1.76554899,
        -1.18129977, -0.29320296, -0.67989773, -1.17809368, -1.24350077]]), array([-32.08325767, -32.08325767])]
Training finished for round 21
>>>>>>>>>>>>> evaluating on client-side
>>>>>>>>>>>>> printing final parameters
[array([[26.3836006 , 27.50303967, 28.23629062, 29.42029396, -1.50320118,
        -1.00104334, -0.193777  ,  1.98357634, -1.07308997, -0.14071669,
        -2.03879253, -0.97680369, -1.13313377, -1.86810094, -1.79688987,
        -1.08640108, -0.89500018, -1.51916299, -2.15864661, -2.34963574],
       [26.3836006 , 27.50303967, 28.23629062, 29.42029396, -1.50320118,
        -1.00104334, -0.193777  ,  1.98357634, -1.07308997, -0.14071669,
        -2.03879253, -0.97680369, -1.13313377, -1.86810094, -1.79688987,
        -1.08640108, -0.89500018, -1.51916299, -2.15864661, -2.34963574]]), array([-33.71585783, -33.71585783])]
>>>>>>>>>>>>> printing intermediate parameters
[array([[26.3836006 , 27.50303967, 28.23629062, 29.42029396, -1.50320118,
        -1.00104334, -0.193777  ,  1.98357634, -1.07308997, -0.14071669,
        -2.03879253, -0.97680369, -1.13313377, -1.86810094, -1.79688987,
        -1.08640108, -0.89500018, -1.51916299, -2.15864661, -2.34963574],
       [26.3836006 , 27.50303967, 28.23629062, 29.42029396, -1.50320118,
        -1.00104334, -0.193777  ,  1.98357634, -1.07308997, -0.14071669,
        -2.03879253, -0.97680369, -1.13313377, -1.86810094, -1.79688987,
        -1.08640108, -0.89500018, -1.51916299, -2.15864661, -2.34963574]]), array([-33.71585783, -33.71585783])]
Training finished for round 22
>>>>>>>>>>>>> evaluating on client-side
>>>>>>>>>>>>> printing final parameters
[array([[27.70779809, 28.56137098, 29.28762625, 30.45424683,  0.1287743 ,
         0.47727861,  1.17138661,  2.72006844, -1.77658164, -1.01380076,
        -1.4980012 , -0.73761023, -0.90948911, -1.52269593, -1.22229636,
        -0.59982357, -1.26362073, -2.01096591, -2.6189324 , -2.92445615],
       [27.70779809, 28.56137098, 29.28762625, 30.45424683,  0.1287743 ,
         0.47727861,  1.17138661,  2.72006844, -1.77658164, -1.01380076,
        -1.4980012 , -0.73761023, -0.90948911, -1.52269593, -1.22229636,
        -0.59982357, -1.26362073, -2.01096591, -2.6189324 , -2.92445615]]), array([-34.36009671, -34.36009671])]
>>>>>>>>>>>>> printing intermediate parameters
[array([[27.70779809, 28.56137098, 29.28762625, 30.45424683,  0.1287743 ,
         0.47727861,  1.17138661,  2.72006844, -1.77658164, -1.01380076,
        -1.4980012 , -0.73761023, -0.90948911, -1.52269593, -1.22229636,
        -0.59982357, -1.26362073, -2.01096591, -2.6189324 , -2.92445615],
       [27.70779809, 28.56137098, 29.28762625, 30.45424683,  0.1287743 ,
         0.47727861,  1.17138661,  2.72006844, -1.77658164, -1.01380076,
        -1.4980012 , -0.73761023, -0.90948911, -1.52269593, -1.22229636,
        -0.59982357, -1.26362073, -2.01096591, -2.6189324 , -2.92445615]]), array([-34.36009671, -34.36009671])]
Training finished for round 23
>>>>>>>>>>>>> evaluating on client-side
>>>>>>>>>>>>> printing final parameters
[array([[29.46110001, 29.86443248, 30.43258935, 31.35436247,  1.89498844,
         2.00375017,  2.43507324,  2.98964322, -2.05167982, -1.61969138,
        -0.65730205, -0.32494009, -0.36351245, -0.66202985, -0.22234923,
         0.1490462 , -1.24226024, -1.95800136, -2.39020637, -2.75988322],
       [29.46110001, 29.86443248, 30.43258935, 31.35436247,  1.89498844,
         2.00375017,  2.43507324,  2.98964322, -2.05167982, -1.61969138,
        -0.65730205, -0.32494009, -0.36351245, -0.66202985, -0.22234923,
         0.1490462 , -1.24226024, -1.95800136, -2.39020637, -2.75988322]]), array([-34.18169553, -34.18169553])]
>>>>>>>>>>>>> printing intermediate parameters
[array([[29.46110001, 29.86443248, 30.43258935, 31.35436247,  1.89498844,
         2.00375017,  2.43507324,  2.98964322, -2.05167982, -1.61969138,
        -0.65730205, -0.32494009, -0.36351245, -0.66202985, -0.22234923,
         0.1490462 , -1.24226024, -1.95800136, -2.39020637, -2.75988322],
       [29.46110001, 29.86443248, 30.43258935, 31.35436247,  1.89498844,
         2.00375017,  2.43507324,  2.98964322, -2.05167982, -1.61969138,
        -0.65730205, -0.32494009, -0.36351245, -0.66202985, -0.22234923,
         0.1490462 , -1.24226024, -1.95800136, -2.39020637, -2.75988322]]), array([-34.18169553, -34.18169553])]
Training finished for round 24
>>>>>>>>>>>>> evaluating on client-side
>>>>>>>>>>>>> printing final parameters
[array([[31.21211331, 31.24372483, 31.55082993, 32.09893333,  2.77386152,
         2.71423041,  2.88131313,  2.58309156, -1.70335305, -1.59469585,
         0.09987949,  0.06983951,  0.1470578 ,  0.16856411,  0.55698221,
         0.6311212 , -0.80520142, -1.30457349, -1.50637503, -1.82440381],
       [31.21211331, 31.24372483, 31.55082993, 32.09893333,  2.77386152,
         2.71423041,  2.88131313,  2.58309156, -1.70335305, -1.59469585,
         0.09987949,  0.06983951,  0.1470578 ,  0.16856411,  0.55698221,
         0.6311212 , -0.80520142, -1.30457349, -1.50637503, -1.82440381]]), array([-33.69622061, -33.69622061])]
>>>>>>>>>>>>> printing intermediate parameters
[array([[31.21211331, 31.24372483, 31.55082993, 32.09893333,  2.77386152,
         2.71423041,  2.88131313,  2.58309156, -1.70335305, -1.59469585,
         0.09987949,  0.06983951,  0.1470578 ,  0.16856411,  0.55698221,
         0.6311212 , -0.80520142, -1.30457349, -1.50637503, -1.82440381],
       [31.21211331, 31.24372483, 31.55082993, 32.09893333,  2.77386152,
         2.71423041,  2.88131313,  2.58309156, -1.70335305, -1.59469585,
         0.09987949,  0.06983951,  0.1470578 ,  0.16856411,  0.55698221,
         0.6311212 , -0.80520142, -1.30457349, -1.50637503, -1.82440381]]), array([-33.69622061, -33.69622061])]
Training finished for round 25
>>>>>>>>>>>>> evaluating on client-side
>>>>>>>>>>>>> printing final parameters
[array([[32.40736549, 32.45485817, 32.52506923, 32.84142593,  2.23036485,
         2.19792315,  2.24588243,  1.59061048, -0.795986  , -0.7728941 ,
         0.34899988,  0.24830672,  0.34374732,  0.48346286,  0.63737032,
         0.55898516, -0.13957   , -0.32465049, -0.36478667, -0.52851468],
       [32.40736549, 32.45485817, 32.52506923, 32.84142593,  2.23036485,
         2.19792315,  2.24588243,  1.59061048, -0.795986  , -0.7728941 ,
         0.34899988,  0.24830672,  0.34374732,  0.48346286,  0.63737032,
         0.55898516, -0.13957   , -0.32465049, -0.36478667, -0.52851468]]), array([-33.6814941, -33.6814941])]
>>>>>>>>>>>>> printing intermediate parameters
[array([[32.40736549, 32.45485817, 32.52506923, 32.84142593,  2.23036485,
         2.19792315,  2.24588243,  1.59061048, -0.795986  , -0.7728941 ,
         0.34899988,  0.24830672,  0.34374732,  0.48346286,  0.63737032,
         0.55898516, -0.13957   , -0.32465049, -0.36478667, -0.52851468],
       [32.40736549, 32.45485817, 32.52506923, 32.84142593,  2.23036485,
         2.19792315,  2.24588243,  1.59061048, -0.795986  , -0.7728941 ,
         0.34899988,  0.24830672,  0.34374732,  0.48346286,  0.63737032,
         0.55898516, -0.13957   , -0.32465049, -0.36478667, -0.52851468]]), array([-33.6814941, -33.6814941])]
Training finished for round 26
>>>>>>>>>>>>> evaluating on client-side
>>>>>>>>>>>>> printing final parameters
[array([[33.07139969, 33.33465949, 33.36603187, 33.64911967,  1.03083438,
         1.12317131,  1.21946012,  0.99178611, -0.30412143, -0.12830749,
        -0.04711721,  0.10707408,  0.294966  ,  0.36743112,  0.24549374,
         0.17685644,  0.40067182,  0.37958471,  0.37904352,  0.3635056 ],
       [33.07139969, 33.33465949, 33.36603187, 33.64911967,  1.03083438,
         1.12317131,  1.21946012,  0.99178611, -0.30412143, -0.12830749,
        -0.04711721,  0.10707408,  0.294966  ,  0.36743112,  0.24549374,
         0.17685644,  0.40067182,  0.37958471,  0.37904352,  0.3635056 ]]), array([-34.54911455, -34.54911455])]
>>>>>>>>>>>>> printing intermediate parameters
DEBUG flwr 2023-11-03 22:34:17,812 | connection.py:139 | gRPC channel closed
INFO flwr 2023-11-03 22:34:17,812 | app.py:215 | Disconnect and shut down
[array([[33.07139969, 33.33465949, 33.36603187, 33.64911967,  1.03083438,
         1.12317131,  1.21946012,  0.99178611, -0.30412143, -0.12830749,
        -0.04711721,  0.10707408,  0.294966  ,  0.36743112,  0.24549374,
         0.17685644,  0.40067182,  0.37958471,  0.37904352,  0.3635056 ],
       [33.07139969, 33.33465949, 33.36603187, 33.64911967,  1.03083438,
         1.12317131,  1.21946012,  0.99178611, -0.30412143, -0.12830749,
        -0.04711721,  0.10707408,  0.294966  ,  0.36743112,  0.24549374,
         0.17685644,  0.40067182,  0.37958471,  0.37904352,  0.3635056 ]]), array([-34.54911455, -34.54911455])]
Training finished for round 27
>>>>>>>>>>>>> evaluating on client-side
>>>>>>>>>>>>> printing final parameters
[array([[33.32429547, 33.86850825, 34.05053048, 34.50749798, -0.62598882,
        -0.36853727, -0.06468118,  0.77613927, -0.25424451,  0.23420954,
        -0.92517886, -0.29328507, -0.05207025, -0.2332529 , -0.57704609,
        -0.49168745,  0.73253999,  0.69115622,  0.60418775,  0.68823375],
       [33.32429547, 33.86850825, 34.05053048, 34.50749798, -0.62598882,
        -0.36853727, -0.06468118,  0.77613927, -0.25424451,  0.23420954,
        -0.92517886, -0.29328507, -0.05207025, -0.2332529 , -0.57704609,
        -0.49168745,  0.73253999,  0.69115622,  0.60418775,  0.68823375]]), array([-36.22986927, -36.22986927])]
>>>>>>>>>>>>> printing intermediate parameters
[array([[33.32429547, 33.86850825, 34.05053048, 34.50749798, -0.62598882,
        -0.36853727, -0.06468118,  0.77613927, -0.25424451,  0.23420954,
        -0.92517886, -0.29328507, -0.05207025, -0.2332529 , -0.57704609,
        -0.49168745,  0.73253999,  0.69115622,  0.60418775,  0.68823375],
       [33.32429547, 33.86850825, 34.05053048, 34.50749798, -0.62598882,
        -0.36853727, -0.06468118,  0.77613927, -0.25424451,  0.23420954,
        -0.92517886, -0.29328507, -0.05207025, -0.2332529 , -0.57704609,
        -0.49168745,  0.73253999,  0.69115622,  0.60418775,  0.68823375]]), array([-36.22986927, -36.22986927])]
Training finished for round 28
>>>>>>>>>>>>> evaluating on client-side
>>>>>>>>>>>>> printing final parameters
[array([[33.41237304, 34.23599273, 34.63510777, 35.33691742, -2.05296751,
        -1.59239443, -1.01776708,  0.86673991, -0.45298123,  0.32576145,
        -1.74947079, -0.73504094, -0.660003  , -1.20872034, -1.58996162,
        -1.23744919,  0.48721869,  0.31745496,  0.04826435,  0.15560374],
       [33.41237304, 34.23599273, 34.63510777, 35.33691742, -2.05296751,
        -1.59239443, -1.01776708,  0.86673991, -0.45298123,  0.32576145,
        -1.74947079, -0.73504094, -0.660003  , -1.20872034, -1.58996162,
        -1.23744919,  0.48721869,  0.31745496,  0.04826435,  0.15560374]]), array([-38.1836856, -38.1836856])]
>>>>>>>>>>>>> printing intermediate parameters
[array([[33.41237304, 34.23599273, 34.63510777, 35.33691742, -2.05296751,
        -1.59239443, -1.01776708,  0.86673991, -0.45298123,  0.32576145,
        -1.74947079, -0.73504094, -0.660003  , -1.20872034, -1.58996162,
        -1.23744919,  0.48721869,  0.31745496,  0.04826435,  0.15560374],
       [33.41237304, 34.23599273, 34.63510777, 35.33691742, -2.05296751,
        -1.59239443, -1.01776708,  0.86673991, -0.45298123,  0.32576145,
        -1.74947079, -0.73504094, -0.660003  , -1.20872034, -1.58996162,
        -1.23744919,  0.48721869,  0.31745496,  0.04826435,  0.15560374]]), array([-38.1836856, -38.1836856])]
Training finished for round 29
>>>>>>>>>>>>> evaluating on client-side
>>>>>>>>>>>>> printing final parameters
[array([[33.63350199, 34.56649297, 35.18315994, 36.10115018, -2.41889702,
        -1.85740734, -1.10132429,  1.2935969 , -0.7778839 ,  0.14247893,
        -2.14936068, -1.00664167, -1.17100005, -2.0101828 , -2.22063846,
        -1.63975742, -0.23312266, -0.61767647, -1.08616858, -1.04882237],
       [33.63350199, 34.56649297, 35.18315994, 36.10115018, -2.41889702,
        -1.85740734, -1.10132429,  1.2935969 , -0.7778839 ,  0.14247893,
        -2.14936068, -1.00664167, -1.17100005, -2.0101828 , -2.22063846,
        -1.63975742, -0.23312266, -0.61767647, -1.08616858, -1.04882237]]), array([-39.88223098, -39.88223098])]
>>>>>>>>>>>>> printing intermediate parameters
[array([[33.63350199, 34.56649297, 35.18315994, 36.10115018, -2.41889702,
        -1.85740734, -1.10132429,  1.2935969 , -0.7778839 ,  0.14247893,
        -2.14936068, -1.00664167, -1.17100005, -2.0101828 , -2.22063846,
        -1.63975742, -0.23312266, -0.61767647, -1.08616858, -1.04882237],
       [33.63350199, 34.56649297, 35.18315994, 36.10115018, -2.41889702,
        -1.85740734, -1.10132429,  1.2935969 , -0.7778839 ,  0.14247893,
        -2.14936068, -1.00664167, -1.17100005, -2.0101828 , -2.22063846,
        -1.63975742, -0.23312266, -0.61767647, -1.08616858, -1.04882237]]), array([-39.88223098, -39.88223098])]
Training finished for round 30
>>>>>>>>>>>>> evaluating on client-side
>>>>>>>>>>>>> printing final parameters
[array([[34.26471028, 35.04014246, 35.76129392, 36.7281117 , -1.55883311,
        -1.08662093, -0.32553337,  1.8375905 , -1.04650651, -0.17035064,
        -1.91325588, -0.98938121, -1.31519027, -2.16640887, -2.07698111,
        -1.44840883, -1.03066404, -1.61976112, -2.17988528, -2.28520275],
       [34.26471028, 35.04014246, 35.76129392, 36.7281117 , -1.55883311,
        -1.08662093, -0.32553337,  1.8375905 , -1.04650651, -0.17035064,
        -1.91325588, -0.98938121, -1.31519027, -2.16640887, -2.07698111,
        -1.44840883, -1.03066404, -1.61976112, -2.17988528, -2.28520275]]), array([-40.87314264, -40.87314264])]
