INFO flwr 2023-11-03 22:33:58,179 | grpc.py:49 | Opened insecure gRPC connection (no certificates were passed)
DEBUG flwr 2023-11-03 22:33:58,181 | connection.py:42 | ChannelConnectivity.IDLE
DEBUG flwr 2023-11-03 22:33:58,182 | connection.py:42 | ChannelConnectivity.READY
===================
['AGE_[41.0, 57.0)', 'AGE_[57.0, 67.0)', 'AGE_[67.0, 78.0)', 'AGE_[78.0, 199.0)', 'PULSE_[68.5, 77.5)', 'PULSE_[77.5, 85.5)', 'PULSE_[85.5, 98.0)', 'PULSE_[98.0, 282.0)', 'RESPIRATION_[16.0, 18.0)', 'RESPIRATION_[18.0, 144.0)', 'BPDIASTOLIC_[62.5, 70.5)', 'BPDIASTOLIC_[70.5, 76.5)', 'BPDIASTOLIC_[76.5, 85.5)', 'BPDIASTOLIC_[85.5, 5898.0)', 'BPSYSTOLIC_[113.5, 126.0)', 'BPSYSTOLIC_[126.0, 137.0)', 'BPSYSTOLIC_[137.0, 153.0)', 'BPSYSTOLIC_[153.0, 1046.0)']
===================
>>>>>>>>>>>>> setting initial parameters
[[0. 0. 0. 0. 0. 0. 0. 0. 0. 0. 0. 0. 0. 0. 0. 0. 0. 0.]
 [0. 0. 0. 0. 0. 0. 0. 0. 0. 0. 0. 0. 0. 0. 0. 0. 0. 0.]]
>>>>>>>>>>>>> printing intermediate parameters
[array([[0., 0., 0., 0., 0., 0., 0., 0., 0., 0., 0., 0., 0., 0., 0., 0.,
        0., 0.],
       [0., 0., 0., 0., 0., 0., 0., 0., 0., 0., 0., 0., 0., 0., 0., 0.,
        0., 0.]]), array([0., 0.])]
Training finished for round 1
>>>>>>>>>>>>> evaluating on client-side
>>>>>>>>>>>>> printing final parameters
[array([[-0.38964538, -0.15675149,  0.08592968,  0.52707169, -0.3964598 ,
        -0.30282367, -0.11418855,  0.51800995, -0.73788595, -0.40511898,
        -0.27831094, -0.42588976, -0.44160463, -0.30386977, -0.19447938,
        -0.33473416, -0.42347157, -0.45063663],
       [-0.38964538, -0.15675149,  0.08592968,  0.52707169, -0.3964598 ,
        -0.30282367, -0.11418855,  0.51800995, -0.73788595, -0.40511898,
        -0.27831094, -0.42588976, -0.44160463, -0.30386977, -0.19447938,
        -0.33473416, -0.42347157, -0.45063663]]), array([-1.40682007, -1.40682007])]
>>>>>>>>>>>>> printing intermediate parameters
[array([[-0.38964538, -0.15675149,  0.08592968,  0.52707169, -0.3964598 ,
        -0.30282367, -0.11418855,  0.51800995, -0.73788595, -0.40511898,
        -0.27831094, -0.42588976, -0.44160463, -0.30386977, -0.19447938,
        -0.33473416, -0.42347157, -0.45063663],
       [-0.38964538, -0.15675149,  0.08592968,  0.52707169, -0.3964598 ,
        -0.30282367, -0.11418855,  0.51800995, -0.73788595, -0.40511898,
        -0.27831094, -0.42588976, -0.44160463, -0.30386977, -0.19447938,
        -0.33473416, -0.42347157, -0.45063663]]), array([-1.40682007, -1.40682007])]
Training finished for round 2
>>>>>>>>>>>>> evaluating on client-side
>>>>>>>>>>>>> printing final parameters
[array([[-0.21814144,  0.61690743,  1.24218848,  2.07436038, -0.57373038,
        -0.25895015,  0.17326469,  1.70202198, -1.72229136, -1.07547839,
        -0.66108886, -1.07838157, -1.08027531, -0.66870792, -0.53744958,
        -0.94722924, -1.24625213, -1.34984824],
       [-0.21814144,  0.61690743,  1.24218848,  2.07436038, -0.57373038,
        -0.25895015,  0.17326469,  1.70202198, -1.72229136, -1.07547839,
        -0.66108886, -1.07838157, -1.08027531, -0.66870792, -0.53744958,
        -0.94722924, -1.24625213, -1.34984824]]), array([-4.61391728, -4.61391728])]
>>>>>>>>>>>>> printing intermediate parameters
[array([[-0.21814144,  0.61690743,  1.24218848,  2.07436038, -0.57373038,
        -0.25895015,  0.17326469,  1.70202198, -1.72229136, -1.07547839,
        -0.66108886, -1.07838157, -1.08027531, -0.66870792, -0.53744958,
        -0.94722924, -1.24625213, -1.34984824],
       [-0.21814144,  0.61690743,  1.24218848,  2.07436038, -0.57373038,
        -0.25895015,  0.17326469,  1.70202198, -1.72229136, -1.07547839,
        -0.66108886, -1.07838157, -1.08027531, -0.66870792, -0.53744958,
        -0.94722924, -1.24625213, -1.34984824]]), array([-4.61391728, -4.61391728])]
Training finished for round 3
>>>>>>>>>>>>> evaluating on client-side
>>>>>>>>>>>>> printing final parameters
[array([[ 0.89076503,  2.17879322,  3.08209754,  4.24305908, -0.38286805,
         0.10969103,  0.77010368,  2.88421215, -2.35732213, -1.47351722,
        -0.91080914, -1.52827751, -1.48646151, -0.85353912, -0.85843505,
        -1.52230532, -2.04743046, -2.2507728 ],
       [ 0.89076503,  2.17879322,  3.08209754,  4.24305908, -0.38286805,
         0.10969103,  0.77010368,  2.88421215, -2.35732213, -1.47351722,
        -0.91080914, -1.52827751, -1.48646151, -0.85353912, -0.85843505,
        -1.52230532, -2.04743046, -2.2507728 ]]), array([-8.51277512, -8.51277512])]
>>>>>>>>>>>>> printing intermediate parameters
[array([[ 0.89076503,  2.17879322,  3.08209754,  4.24305908, -0.38286805,
         0.10969103,  0.77010368,  2.88421215, -2.35732213, -1.47351722,
        -0.91080914, -1.52827751, -1.48646151, -0.85353912, -0.85843505,
        -1.52230532, -2.04743046, -2.2507728 ],
       [ 0.89076503,  2.17879322,  3.08209754,  4.24305908, -0.38286805,
         0.10969103,  0.77010368,  2.88421215, -2.35732213, -1.47351722,
        -0.91080914, -1.52827751, -1.48646151, -0.85353912, -0.85843505,
        -1.52230532, -2.04743046, -2.2507728 ]]), array([-8.51277512, -8.51277512])]
Training finished for round 4
>>>>>>>>>>>>> evaluating on client-side
>>>>>>>>>>>>> printing final parameters
[array([[ 2.70300411,  4.06260214,  4.99934601,  6.27928678,  0.1393498 ,
         0.67262735,  1.42279163,  3.51315272, -2.36454329, -1.45543317,
        -0.90660704, -1.55694712, -1.45931098, -0.76695265, -0.98656886,
        -1.76580039, -2.41137701, -2.69545781],
       [ 2.70300411,  4.06260214,  4.99934601,  6.27928678,  0.1393498 ,
         0.67262735,  1.42279163,  3.51315272, -2.36454329, -1.45543317,
        -0.90660704, -1.55694712, -1.45931098, -0.76695265, -0.98656886,
        -1.76580039, -2.41137701, -2.69545781]]), array([-11.45529032, -11.45529032])]
>>>>>>>>>>>>> printing intermediate parameters
[array([[ 2.70300411,  4.06260214,  4.99934601,  6.27928678,  0.1393498 ,
         0.67262735,  1.42279163,  3.51315272, -2.36454329, -1.45543317,
        -0.90660704, -1.55694712, -1.45931098, -0.76695265, -0.98656886,
        -1.76580039, -2.41137701, -2.69545781],
       [ 2.70300411,  4.06260214,  4.99934601,  6.27928678,  0.1393498 ,
         0.67262735,  1.42279163,  3.51315272, -2.36454329, -1.45543317,
        -0.90660704, -1.55694712, -1.45931098, -0.76695265, -0.98656886,
        -1.76580039, -2.41137701, -2.69545781]]), array([-11.45529032, -11.45529032])]
Training finished for round 5
>>>>>>>>>>>>> evaluating on client-side
>>>>>>>>>>>>> printing final parameters
[array([[ 5.30867116,  6.27075713,  7.02622954,  8.15263184,  0.92591627,
         1.30963963,  1.97692331,  3.45787242, -1.69562494, -0.96895236,
        -0.61905899, -1.11379117, -0.95655112, -0.40563056, -0.85954205,
        -1.58867254, -2.17570803, -2.50069409],
       [ 5.30867116,  6.27075713,  7.02622954,  8.15263184,  0.92591627,
         1.30963963,  1.97692331,  3.45787242, -1.69562494, -0.96895236,
        -0.61905899, -1.11379117, -0.95655112, -0.40563056, -0.85954205,
        -1.58867254, -2.17570803, -2.50069409]]), array([-13.17595117, -13.17595117])]
>>>>>>>>>>>>> printing intermediate parameters
[array([[ 5.30867116,  6.27075713,  7.02622954,  8.15263184,  0.92591627,
         1.30963963,  1.97692331,  3.45787242, -1.69562494, -0.96895236,
        -0.61905899, -1.11379117, -0.95655112, -0.40563056, -0.85954205,
        -1.58867254, -2.17570803, -2.50069409],
       [ 5.30867116,  6.27075713,  7.02622954,  8.15263184,  0.92591627,
         1.30963963,  1.97692331,  3.45787242, -1.69562494, -0.96895236,
        -0.61905899, -1.11379117, -0.95655112, -0.40563056, -0.85954205,
        -1.58867254, -2.17570803, -2.50069409]]), array([-13.17595117, -13.17595117])]
Training finished for round 6
>>>>>>>>>>>>> evaluating on client-side
>>>>>>>>>>>>> printing final parameters
[array([[ 8.45745677,  8.69730612,  9.15585379,  9.93260293,  1.4025943 ,
         1.52494685,  1.98179089,  2.60793638, -0.61832014, -0.19314951,
        -0.18697811, -0.41173777, -0.253305  , -0.01531645, -0.48958435,
        -1.01991649, -1.37881204, -1.66090415],
       [ 8.45745677,  8.69730612,  9.15585379,  9.93260293,  1.4025943 ,
         1.52494685,  1.98179089,  2.60793638, -0.61832014, -0.19314951,
        -0.18697811, -0.41173777, -0.253305  , -0.01531645, -0.48958435,
        -1.01991649, -1.37881204, -1.66090415]]), array([-13.80265584, -13.80265584])]
>>>>>>>>>>>>> printing intermediate parameters
[array([[ 8.45745677,  8.69730612,  9.15585379,  9.93260293,  1.4025943 ,
         1.52494685,  1.98179089,  2.60793638, -0.61832014, -0.19314951,
        -0.18697811, -0.41173777, -0.253305  , -0.01531645, -0.48958435,
        -1.01991649, -1.37881204, -1.66090415],
       [ 8.45745677,  8.69730612,  9.15585379,  9.93260293,  1.4025943 ,
         1.52494685,  1.98179089,  2.60793638, -0.61832014, -0.19314951,
        -0.18697811, -0.41173777, -0.253305  , -0.01531645, -0.48958435,
        -1.01991649, -1.37881204, -1.66090415]]), array([-13.80265584, -13.80265584])]
Training finished for round 7
>>>>>>>>>>>>> evaluating on client-side
>>>>>>>>>>>>> printing final parameters
[array([[11.53401548, 11.20591923, 11.35769529, 11.73466496,  1.17277404,
         1.10911316,  1.33892346,  1.2494043 ,  0.34480127,  0.48281831,
         0.12479412,  0.13550905,  0.23214663,  0.20172802, -0.10427027,
        -0.34628966, -0.46215001, -0.63469034],
       [11.53401548, 11.20591923, 11.35769529, 11.73466496,  1.17277404,
         1.10911316,  1.33892346,  1.2494043 ,  0.34480127,  0.48281831,
         0.12479412,  0.13550905,  0.23214663,  0.20172802, -0.10427027,
        -0.34628966, -0.46215001, -0.63469034]]), array([-13.87289951, -13.87289951])]
>>>>>>>>>>>>> printing intermediate parameters
[array([[11.53401548, 11.20591923, 11.35769529, 11.73466496,  1.17277404,
         1.10911316,  1.33892346,  1.2494043 ,  0.34480127,  0.48281831,
         0.12479412,  0.13550905,  0.23214663,  0.20172802, -0.10427027,
        -0.34628966, -0.46215001, -0.63469034],
       [11.53401548, 11.20591923, 11.35769529, 11.73466496,  1.17277404,
         1.10911316,  1.33892346,  1.2494043 ,  0.34480127,  0.48281831,
         0.12479412,  0.13550905,  0.23214663,  0.20172802, -0.10427027,
        -0.34628966, -0.46215001, -0.63469034]]), array([-13.87289951, -13.87289951])]
Training finished for round 8
>>>>>>>>>>>>> evaluating on client-side
>>>>>>>>>>>>> printing final parameters
[array([[13.94800383, 13.55120224, 13.53698143, 13.68099329,  0.43280543,
         0.35273977,  0.46765097,  0.1344426 ,  0.82191506,  0.83690615,
         0.1847967 ,  0.28253759,  0.28968331,  0.17543373,  0.10473633,
         0.07893276,  0.07799507,  0.02095694],
       [13.94800383, 13.55120224, 13.53698143, 13.68099329,  0.43280543,
         0.35273977,  0.46765097,  0.1344426 ,  0.82191506,  0.83690615,
         0.1847967 ,  0.28253759,  0.28968331,  0.17543373,  0.10473633,
         0.07893276,  0.07799507,  0.02095694]]), array([-14.54119699, -14.54119699])]
>>>>>>>>>>>>> printing intermediate parameters
[array([[13.94800383, 13.55120224, 13.53698143, 13.68099329,  0.43280543,
         0.35273977,  0.46765097,  0.1344426 ,  0.82191506,  0.83690615,
         0.1847967 ,  0.28253759,  0.28968331,  0.17543373,  0.10473633,
         0.07893276,  0.07799507,  0.02095694],
       [13.94800383, 13.55120224, 13.53698143, 13.68099329,  0.43280543,
         0.35273977,  0.46765097,  0.1344426 ,  0.82191506,  0.83690615,
         0.1847967 ,  0.28253759,  0.28968331,  0.17543373,  0.10473633,
         0.07893276,  0.07799507,  0.02095694]]), array([-14.54119699, -14.54119699])]
Training finished for round 9
>>>>>>>>>>>>> evaluating on client-side
>>>>>>>>>>>>> printing final parameters
[array([[ 1.56148194e+01,  1.55286662e+01,  1.55564622e+01,
         1.57601310e+01, -7.61826760e-01, -7.38956740e-01,
        -6.00553353e-01, -4.28065343e-01,  5.89891785e-01,
         7.38461642e-01, -2.23310748e-02, -1.21850781e-02,
        -1.00011525e-01, -1.30081034e-01,  1.37060847e-01,
         1.50958640e-01,  1.45851971e-01,  1.58138505e-01],
       [ 1.56148194e+01,  1.55286662e+01,  1.55564622e+01,
         1.57601310e+01, -7.61826760e-01, -7.38956740e-01,
        -6.00553353e-01, -4.28065343e-01,  5.89891785e-01,
         7.38461642e-01, -2.23310748e-02, -1.21850781e-02,
        -1.00011525e-01, -1.30081034e-01,  1.37060847e-01,
         1.50958640e-01,  1.45851971e-01,  1.58138505e-01]]), array([-16.30723543, -16.30723543])]
>>>>>>>>>>>>> printing intermediate parameters
[array([[ 1.56148194e+01,  1.55286662e+01,  1.55564622e+01,
         1.57601310e+01, -7.61826760e-01, -7.38956740e-01,
        -6.00553353e-01, -4.28065343e-01,  5.89891785e-01,
         7.38461642e-01, -2.23310748e-02, -1.21850781e-02,
        -1.00011525e-01, -1.30081034e-01,  1.37060847e-01,
         1.50958640e-01,  1.45851971e-01,  1.58138505e-01],
       [ 1.56148194e+01,  1.55286662e+01,  1.55564622e+01,
         1.57601310e+01, -7.61826760e-01, -7.38956740e-01,
        -6.00553353e-01, -4.28065343e-01,  5.89891785e-01,
         7.38461642e-01, -2.23310748e-02, -1.21850781e-02,
        -1.00011525e-01, -1.30081034e-01,  1.37060847e-01,
         1.50958640e-01,  1.45851971e-01,  1.58138505e-01]]), array([-16.30723543, -16.30723543])]
Training finished for round 10
>>>>>>>>>>>>> evaluating on client-side
>>>>>>>>>>>>> printing final parameters
[array([[16.57383655, 17.13829604, 17.45203629, 17.92331049, -2.00596971,
        -1.73168439, -1.3476399 , -0.16749301, -0.29262484,  0.15664452,
        -0.47788096, -0.72429226, -0.87699748, -0.63534833, -0.06412356,
        -0.18241239, -0.37696837, -0.38203108],
       [16.57383655, 17.13829604, 17.45203629, 17.92331049, -2.00596971,
        -1.73168439, -1.3476399 , -0.16749301, -0.29262484,  0.15664452,
        -0.47788096, -0.72429226, -0.87699748, -0.63534833, -0.06412356,
        -0.18241239, -0.37696837, -0.38203108]]), array([-19.09771484, -19.09771484])]
>>>>>>>>>>>>> printing intermediate parameters
[array([[16.57383655, 17.13829604, 17.45203629, 17.92331049, -2.00596971,
        -1.73168439, -1.3476399 , -0.16749301, -0.29262484,  0.15664452,
        -0.47788096, -0.72429226, -0.87699748, -0.63534833, -0.06412356,
        -0.18241239, -0.37696837, -0.38203108],
       [16.57383655, 17.13829604, 17.45203629, 17.92331049, -2.00596971,
        -1.73168439, -1.3476399 , -0.16749301, -0.29262484,  0.15664452,
        -0.47788096, -0.72429226, -0.87699748, -0.63534833, -0.06412356,
        -0.18241239, -0.37696837, -0.38203108]]), array([-19.09771484, -19.09771484])]
Training finished for round 11
>>>>>>>>>>>>> evaluating on client-side
>>>>>>>>>>>>> printing final parameters
[array([[17.26909504, 18.49289277, 19.13605159, 19.97739476, -2.24535593,
        -1.7008925 , -1.07399567,  0.97407071, -1.52973219, -0.76356845,
        -0.91135586, -1.44739025, -1.56548351, -1.00347347, -0.48378001,
        -0.85861571, -1.31346298, -1.40368178],
       [17.26909504, 18.49289277, 19.13605159, 19.97739476, -2.24535593,
        -1.7008925 , -1.07399567,  0.97407071, -1.52973219, -0.76356845,
        -0.91135586, -1.44739025, -1.56548351, -1.00347347, -0.48378001,
        -0.85861571, -1.31346298, -1.40368178]]), array([-22.47366205, -22.47366205])]
>>>>>>>>>>>>> printing intermediate parameters
[array([[17.26909504, 18.49289277, 19.13605159, 19.97739476, -2.24535593,
        -1.7008925 , -1.07399567,  0.97407071, -1.52973219, -0.76356845,
        -0.91135586, -1.44739025, -1.56548351, -1.00347347, -0.48378001,
        -0.85861571, -1.31346298, -1.40368178],
       [17.26909504, 18.49289277, 19.13605159, 19.97739476, -2.24535593,
        -1.7008925 , -1.07399567,  0.97407071, -1.52973219, -0.76356845,
        -0.91135586, -1.44739025, -1.56548351, -1.00347347, -0.48378001,
        -0.85861571, -1.31346298, -1.40368178]]), array([-22.47366205, -22.47366205])]
Training finished for round 12
>>>>>>>>>>>>> evaluating on client-side
>>>>>>>>>>>>> printing final parameters
[array([[18.2465364 , 19.81638451, 20.67360286, 21.80527957, -1.34977198,
        -0.6792328 ,  0.08939654,  2.42371507, -2.52869807, -1.58912358,
        -1.09172202, -1.7929961 , -1.79270425, -1.02965229, -0.90608652,
        -1.53428532, -2.19734291, -2.40291486],
       [18.2465364 , 19.81638451, 20.67360286, 21.80527957, -1.34977198,
        -0.6792328 ,  0.08939654,  2.42371507, -2.52869807, -1.58912358,
        -1.09172202, -1.7929961 , -1.79270425, -1.02965229, -0.90608652,
        -1.53428532, -2.19734291, -2.40291486]]), array([-25.63804113, -25.63804113])]
>>>>>>>>>>>>> printing intermediate parameters
[array([[18.2465364 , 19.81638451, 20.67360286, 21.80527957, -1.34977198,
        -0.6792328 ,  0.08939654,  2.42371507, -2.52869807, -1.58912358,
        -1.09172202, -1.7929961 , -1.79270425, -1.02965229, -0.90608652,
        -1.53428532, -2.19734291, -2.40291486],
       [18.2465364 , 19.81638451, 20.67360286, 21.80527957, -1.34977198,
        -0.6792328 ,  0.08939654,  2.42371507, -2.52869807, -1.58912358,
        -1.09172202, -1.7929961 , -1.79270425, -1.02965229, -0.90608652,
        -1.53428532, -2.19734291, -2.40291486]]), array([-25.63804113, -25.63804113])]
Training finished for round 13
>>>>>>>>>>>>> evaluating on client-side
>>>>>>>>>>>>> printing final parameters
[array([[19.95747919, 21.3705201 , 22.22677485, 23.42092659,  0.18240354,
         0.77192933,  1.50828954,  3.42163146, -2.84139931, -1.95154324,
        -0.92948878, -1.5877328 , -1.44326467, -0.70020935, -1.11270033,
        -1.87202199, -2.57532145, -2.8789162 ],
       [19.95747919, 21.3705201 , 22.22677485, 23.42092659,  0.18240354,
         0.77192933,  1.50828954,  3.42163146, -2.84139931, -1.95154324,
        -0.92948878, -1.5877328 , -1.44326467, -0.70020935, -1.11270033,
        -1.87202199, -2.57532145, -2.8789162 ]]), array([-27.85839355, -27.85839355])]
>>>>>>>>>>>>> printing intermediate parameters
[array([[19.95747919, 21.3705201 , 22.22677485, 23.42092659,  0.18240354,
         0.77192933,  1.50828954,  3.42163146, -2.84139931, -1.95154324,
        -0.92948878, -1.5877328 , -1.44326467, -0.70020935, -1.11270033,
        -1.87202199, -2.57532145, -2.8789162 ],
       [19.95747919, 21.3705201 , 22.22677485, 23.42092659,  0.18240354,
         0.77192933,  1.50828954,  3.42163146, -2.84139931, -1.95154324,
        -0.92948878, -1.5877328 , -1.44326467, -0.70020935, -1.11270033,
        -1.87202199, -2.57532145, -2.8789162 ]]), array([-27.85839355, -27.85839355])]
Training finished for round 14
>>>>>>>>>>>>> evaluating on client-side
>>>>>>>>>>>>> printing final parameters
[array([[22.38822586, 23.13595194, 23.81702497, 24.8484111 ,  1.81347994,
         2.12517749,  2.68649222,  3.68897359, -2.29220156, -1.67383821,
        -0.45731959, -0.87661358, -0.62393573, -0.15265356, -0.98522721,
        -1.72204541, -2.2606982 , -2.60708448],
       [22.38822586, 23.13595194, 23.81702497, 24.8484111 ,  1.81347994,
         2.12517749,  2.68649222,  3.68897359, -2.29220156, -1.67383821,
        -0.45731959, -0.87661358, -0.62393573, -0.15265356, -0.98522721,
        -1.72204541, -2.2606982 , -2.60708448]]), array([-29.04827429, -29.04827429])]
>>>>>>>>>>>>> printing intermediate parameters
[array([[22.38822586, 23.13595194, 23.81702497, 24.8484111 ,  1.81347994,
         2.12517749,  2.68649222,  3.68897359, -2.29220156, -1.67383821,
        -0.45731959, -0.87661358, -0.62393573, -0.15265356, -0.98522721,
        -1.72204541, -2.2606982 , -2.60708448],
       [22.38822586, 23.13595194, 23.81702497, 24.8484111 ,  1.81347994,
         2.12517749,  2.68649222,  3.68897359, -2.29220156, -1.67383821,
        -0.45731959, -0.87661358, -0.62393573, -0.15265356, -0.98522721,
        -1.72204541, -2.2606982 , -2.60708448]]), array([-29.04827429, -29.04827429])]
Training finished for round 15
>>>>>>>>>>>>> evaluating on client-side
>>>>>>>>>>>>> printing final parameters
[array([[ 2.50461949e+01,  2.50753984e+01,  2.54569160e+01,
         2.61446552e+01,  2.59963340e+00,  2.62819563e+00,
         2.95965358e+00,  2.98649385e+00, -9.79140308e-01,
        -7.10764747e-01,  2.04217594e-02, -1.11736754e-01,
         1.32565766e-01,  2.52662981e-01, -5.47283463e-01,
        -1.07189919e+00, -1.35785662e+00, -1.64297027e+00],
       [ 2.50461949e+01,  2.50753984e+01,  2.54569160e+01,
         2.61446552e+01,  2.59963340e+00,  2.62819563e+00,
         2.95965358e+00,  2.98649385e+00, -9.79140308e-01,
        -7.10764747e-01,  2.04217594e-02, -1.11736754e-01,
         1.32565766e-01,  2.52662981e-01, -5.47283463e-01,
        -1.07189919e+00, -1.35785662e+00, -1.64297027e+00]]), array([-29.48272002, -29.48272002])]
>>>>>>>>>>>>> printing intermediate parameters
[array([[ 2.50461949e+01,  2.50753984e+01,  2.54569160e+01,
         2.61446552e+01,  2.59963340e+00,  2.62819563e+00,
         2.95965358e+00,  2.98649385e+00, -9.79140308e-01,
        -7.10764747e-01,  2.04217594e-02, -1.11736754e-01,
         1.32565766e-01,  2.52662981e-01, -5.47283463e-01,
        -1.07189919e+00, -1.35785662e+00, -1.64297027e+00],
       [ 2.50461949e+01,  2.50753984e+01,  2.54569160e+01,
         2.61446552e+01,  2.59963340e+00,  2.62819563e+00,
         2.95965358e+00,  2.98649385e+00, -9.79140308e-01,
        -7.10764747e-01,  2.04217594e-02, -1.11736754e-01,
         1.32565766e-01,  2.52662981e-01, -5.47283463e-01,
        -1.07189919e+00, -1.35785662e+00, -1.64297027e+00]]), array([-29.48272002, -29.48272002])]
Training finished for round 16
>>>>>>>>>>>>> evaluating on client-side
>>>>>>>>>>>>> printing final parameters
[array([[27.25182017, 27.02540337, 27.19886288, 27.51396712,  2.02611472,
         1.96340896,  2.15508354,  1.62104136,  0.4266662 ,  0.46538487,
         0.2361777 ,  0.27916728,  0.37544544,  0.28717786, -0.03381615,
        -0.2527704 , -0.3434326 , -0.4838718 ],
       [27.25182017, 27.02540337, 27.19886288, 27.51396712,  2.02611472,
         1.96340896,  2.15508354,  1.62104136,  0.4266662 ,  0.46538487,
         0.2361777 ,  0.27916728,  0.37544544,  0.28717786, -0.03381615,
        -0.2527704 , -0.3434326 , -0.4838718 ]]), array([-29.72660964, -29.72660964])]
>>>>>>>>>>>>> printing intermediate parameters
[array([[27.25182017, 27.02540337, 27.19886288, 27.51396712,  2.02611472,
         1.96340896,  2.15508354,  1.62104136,  0.4266662 ,  0.46538487,
         0.2361777 ,  0.27916728,  0.37544544,  0.28717786, -0.03381615,
        -0.2527704 , -0.3434326 , -0.4838718 ],
       [27.25182017, 27.02540337, 27.19886288, 27.51396712,  2.02611472,
         1.96340896,  2.15508354,  1.62104136,  0.4266662 ,  0.46538487,
         0.2361777 ,  0.27916728,  0.37544544,  0.28717786, -0.03381615,
        -0.2527704 , -0.3434326 , -0.4838718 ]]), array([-29.72660964, -29.72660964])]
Training finished for round 17
>>>>>>>>>>>>> evaluating on client-side
>>>>>>>>>>>>> printing final parameters
[array([[28.83327979, 28.71645554, 28.85641597, 28.98613495,  0.81822267,
         0.79684396,  0.95735333,  0.59753688,  1.2946388 ,  1.27862595,
         0.19070517,  0.25002541,  0.17249728,  0.04995667,  0.31193693,
         0.28688713,  0.286332  ,  0.27933541],
       [28.83327979, 28.71645554, 28.85641597, 28.98613495,  0.81822267,
         0.79684396,  0.95735333,  0.59753688,  1.2946388 ,  1.27862595,
         0.19070517,  0.25002541,  0.17249728,  0.04995667,  0.31193693,
         0.28688713,  0.286332  ,  0.27933541]]), array([-30.77841169, -30.77841169])]
>>>>>>>>>>>>> printing intermediate parameters
[array([[28.83327979, 28.71645554, 28.85641597, 28.98613495,  0.81822267,
         0.79684396,  0.95735333,  0.59753688,  1.2946388 ,  1.27862595,
         0.19070517,  0.25002541,  0.17249728,  0.04995667,  0.31193693,
         0.28688713,  0.286332  ,  0.27933541],
       [28.83327979, 28.71645554, 28.85641597, 28.98613495,  0.81822267,
         0.79684396,  0.95735333,  0.59753688,  1.2946388 ,  1.27862595,
         0.19070517,  0.25002541,  0.17249728,  0.04995667,  0.31193693,
         0.28688713,  0.286332  ,  0.27933541]]), array([-30.77841169, -30.77841169])]
Training finished for round 18
>>>>>>>>>>>>> evaluating on client-side
>>>>>>>>>>>>> printing final parameters
[array([[29.82286157, 30.06641163, 30.31057748, 30.56129592, -0.88105206,
        -0.76510066, -0.51073369,  0.05813066,  1.46361317,  1.64259568,
        -0.13769639, -0.24261463, -0.46726493, -0.45407415,  0.44775086,
         0.44169879,  0.41450318,  0.48227792],
       [29.82286157, 30.06641163, 30.31057748, 30.56129592, -0.88105206,
        -0.76510066, -0.51073369,  0.05813066,  1.46361317,  1.64259568,
        -0.13769639, -0.24261463, -0.46726493, -0.45407415,  0.44775086,
         0.44169879,  0.41450318,  0.48227792]]), array([-32.81673441, -32.81673441])]
>>>>>>>>>>>>> printing intermediate parameters
[array([[29.82286157, 30.06641163, 30.31057748, 30.56129592, -0.88105206,
        -0.76510066, -0.51073369,  0.05813066,  1.46361317,  1.64259568,
        -0.13769639, -0.24261463, -0.46726493, -0.45407415,  0.44775086,
         0.44169879,  0.41450318,  0.48227792],
       [29.82286157, 30.06641163, 30.31057748, 30.56129592, -0.88105206,
        -0.76510066, -0.51073369,  0.05813066,  1.46361317,  1.64259568,
        -0.13769639, -0.24261463, -0.46726493, -0.45407415,  0.44775086,
         0.44169879,  0.41450318,  0.48227792]]), array([-32.81673441, -32.81673441])]
Training finished for round 19
>>>>>>>>>>>>> evaluating on client-side
>>>>>>>>>>>>> printing final parameters
[array([[30.35690787, 31.18233994, 31.63108173, 32.21290456, -2.38765833,
        -1.97831781, -1.44646233,  0.21146012,  0.94992311,  1.45606372,
        -0.70303746, -1.13604315, -1.40472456, -1.06498034,  0.15621147,
         0.03314421, -0.20221532, -0.15523656],
       [30.35690787, 31.18233994, 31.63108173, 32.21290456, -2.38765833,
        -1.97831781, -1.44646233,  0.21146012,  0.94992311,  1.45606372,
        -0.70303746, -1.13604315, -1.40472456, -1.06498034,  0.15621147,
         0.03314421, -0.20221532, -0.15523656]]), array([-35.46125903, -35.46125903])]
>>>>>>>>>>>>> printing intermediate parameters
[array([[30.35690787, 31.18233994, 31.63108173, 32.21290456, -2.38765833,
        -1.97831781, -1.44646233,  0.21146012,  0.94992311,  1.45606372,
        -0.70303746, -1.13604315, -1.40472456, -1.06498034,  0.15621147,
         0.03314421, -0.20221532, -0.15523656],
       [30.35690787, 31.18233994, 31.63108173, 32.21290456, -2.38765833,
        -1.97831781, -1.44646233,  0.21146012,  0.94992311,  1.45606372,
        -0.70303746, -1.13604315, -1.40472456, -1.06498034,  0.15621147,
         0.03314421, -0.20221532, -0.15523656]]), array([-35.46125903, -35.46125903])]
Training finished for round 20
>>>>>>>>>>>>> evaluating on client-side
>>>>>>>>>>>>> printing final parameters
[array([[30.86363762, 32.21156655, 32.84287741, 33.79877676, -2.61353018,
        -2.0320351 , -1.27046922,  1.12608993, -0.31277913,  0.47739912,
        -1.10871267, -1.78684829, -1.94439109, -1.27412617, -0.42391947,
        -0.78963174, -1.30074618, -1.37143447],
       [30.86363762, 32.21156655, 32.84287741, 33.79877676, -2.61353018,
        -2.0320351 , -1.27046922,  1.12608993, -0.31277913,  0.47739912,
        -1.10871267, -1.78684829, -1.94439109, -1.27412617, -0.42391947,
        -0.78963174, -1.30074618, -1.37143447]]), array([-37.97377814, -37.97377814])]
>>>>>>>>>>>>> printing intermediate parameters
[array([[30.86363762, 32.21156655, 32.84287741, 33.79877676, -2.61353018,
        -2.0320351 , -1.27046922,  1.12608993, -0.31277913,  0.47739912,
        -1.10871267, -1.78684829, -1.94439109, -1.27412617, -0.42391947,
        -0.78963174, -1.30074618, -1.37143447],
       [30.86363762, 32.21156655, 32.84287741, 33.79877676, -2.61353018,
        -2.0320351 , -1.27046922,  1.12608993, -0.31277913,  0.47739912,
        -1.10871267, -1.78684829, -1.94439109, -1.27412617, -0.42391947,
        -0.78963174, -1.30074618, -1.37143447]]), array([-37.97377814, -37.97377814])]
Training finished for round 21
>>>>>>>>>>>>> evaluating on client-side
>>>>>>>>>>>>> printing final parameters
[array([[31.89610012, 33.30041708, 34.0426273 , 35.23860627, -1.51245581,
        -0.96176602, -0.14545263,  2.27534058, -1.64848393, -0.73641843,
        -1.15405621, -1.88935553, -1.82714639, -1.04444205, -1.00353646,
        -1.63503345, -2.31349219, -2.54660379],
       [31.89610012, 33.30041708, 34.0426273 , 35.23860627, -1.51245581,
        -0.96176602, -0.14545263,  2.27534058, -1.64848393, -0.73641843,
        -1.15405621, -1.88935553, -1.82714639, -1.04444205, -1.00353646,
        -1.63503345, -2.31349219, -2.54660379]]), array([-39.79698674, -39.79698674])]
>>>>>>>>>>>>> printing intermediate parameters
[array([[31.89610012, 33.30041708, 34.0426273 , 35.23860627, -1.51245581,
        -0.96176602, -0.14545263,  2.27534058, -1.64848393, -0.73641843,
        -1.15405621, -1.88935553, -1.82714639, -1.04444205, -1.00353646,
        -1.63503345, -2.31349219, -2.54660379],
       [31.89610012, 33.30041708, 34.0426273 , 35.23860627, -1.51245581,
        -0.96176602, -0.14545263,  2.27534058, -1.64848393, -0.73641843,
        -1.15405621, -1.88935553, -1.82714639, -1.04444205, -1.00353646,
        -1.63503345, -2.31349219, -2.54660379]]), array([-39.79698674, -39.79698674])]
Training finished for round 22
>>>>>>>>>>>>> evaluating on client-side
>>>>>>>>>>>>> printing final parameters
[array([[33.61986578, 34.64241763, 35.34368432, 36.52316284,  0.27451722,
         0.64582291,  1.32275205,  3.02530585, -2.51927523, -1.70135823,
        -0.82383105, -1.38981481, -1.10763816, -0.43873464, -1.31936567,
        -2.09787097, -2.76944487, -3.14169254],
       [33.61986578, 34.64241763, 35.34368432, 36.52316284,  0.27451722,
         0.64582291,  1.32275205,  3.02530585, -2.51927523, -1.70135823,
        -0.82383105, -1.38981481, -1.10763816, -0.43873464, -1.31936567,
        -2.09787097, -2.76944487, -3.14169254]]), array([-40.54924515, -40.54924515])]
>>>>>>>>>>>>> printing intermediate parameters
[array([[33.61986578, 34.64241763, 35.34368432, 36.52316284,  0.27451722,
         0.64582291,  1.32275205,  3.02530585, -2.51927523, -1.70135823,
        -0.82383105, -1.38981481, -1.10763816, -0.43873464, -1.31936567,
        -2.09787097, -2.76944487, -3.14169254],
       [33.61986578, 34.64241763, 35.34368432, 36.52316284,  0.27451722,
         0.64582291,  1.32275205,  3.02530585, -2.51927523, -1.70135823,
        -0.82383105, -1.38981481, -1.10763816, -0.43873464, -1.31936567,
        -2.09787097, -2.76944487, -3.14169254]]), array([-40.54924515, -40.54924515])]
Training finished for round 23
>>>>>>>>>>>>> evaluating on client-side
>>>>>>>>>>>>> printing final parameters
[array([[ 3.58010922e+01,  3.61666172e+01,  3.67079439e+01,
         3.76820848e+01,  2.08751849e+00,  2.18625521e+00,
         2.58487621e+00,  3.18549551e+00, -2.69704802e+00,
        -2.15629429e+00, -2.06917167e-01, -4.30543526e-01,
        -2.84783993e-02,  3.24040679e-01, -1.21066558e+00,
        -1.97034332e+00, -2.44610829e+00, -2.87550091e+00],
       [ 3.58010922e+01,  3.61666172e+01,  3.67079439e+01,
         3.76820848e+01,  2.08751849e+00,  2.18625521e+00,
         2.58487621e+00,  3.18549551e+00, -2.69704802e+00,
        -2.15629429e+00, -2.06917167e-01, -4.30543526e-01,
        -2.84783993e-02,  3.24040679e-01, -1.21066558e+00,
        -1.97034332e+00, -2.44610829e+00, -2.87550091e+00]]), array([-40.4893805, -40.4893805])]
>>>>>>>>>>>>> printing intermediate parameters
[array([[ 3.58010922e+01,  3.61666172e+01,  3.67079439e+01,
         3.76820848e+01,  2.08751849e+00,  2.18625521e+00,
         2.58487621e+00,  3.18549551e+00, -2.69704802e+00,
        -2.15629429e+00, -2.06917167e-01, -4.30543526e-01,
        -2.84783993e-02,  3.24040679e-01, -1.21066558e+00,
        -1.97034332e+00, -2.44610829e+00, -2.87550091e+00],
       [ 3.58010922e+01,  3.61666172e+01,  3.67079439e+01,
         3.76820848e+01,  2.08751849e+00,  2.18625521e+00,
         2.58487621e+00,  3.18549551e+00, -2.69704802e+00,
        -2.15629429e+00, -2.06917167e-01, -4.30543526e-01,
        -2.84783993e-02,  3.24040679e-01, -1.21066558e+00,
        -1.97034332e+00, -2.44610829e+00, -2.87550091e+00]]), array([-40.4893805, -40.4893805])]
Training finished for round 24
>>>>>>>>>>>>> evaluating on client-side
>>>>>>>>>>>>> printing final parameters
[array([[37.89929933, 37.71350369, 38.01902549, 38.6540421 ,  2.9181277 ,
         2.8296962 ,  2.95741419,  2.59655417, -1.88800944, -1.67058117,
         0.28937715,  0.35985726,  0.70640054,  0.72337802, -0.72774743,
        -1.2653395 , -1.46973444, -1.81571175],
       [37.89929933, 37.71350369, 38.01902549, 38.6540421 ,  2.9181277 ,
         2.8296962 ,  2.95741419,  2.59655417, -1.88800944, -1.67058117,
         0.28937715,  0.35985726,  0.70640054,  0.72337802, -0.72774743,
        -1.2653395 , -1.46973444, -1.81571175]]), array([-40.28628505, -40.28628505])]
>>>>>>>>>>>>> printing intermediate parameters
DEBUG flwr 2023-11-03 22:34:02,388 | connection.py:139 | gRPC channel closed
INFO flwr 2023-11-03 22:34:02,388 | app.py:215 | Disconnect and shut down
[array([[37.89929933, 37.71350369, 38.01902549, 38.6540421 ,  2.9181277 ,
         2.8296962 ,  2.95741419,  2.59655417, -1.88800944, -1.67058117,
         0.28937715,  0.35985726,  0.70640054,  0.72337802, -0.72774743,
        -1.2653395 , -1.46973444, -1.81571175],
       [37.89929933, 37.71350369, 38.01902549, 38.6540421 ,  2.9181277 ,
         2.8296962 ,  2.95741419,  2.59655417, -1.88800944, -1.67058117,
         0.28937715,  0.35985726,  0.70640054,  0.72337802, -0.72774743,
        -1.2653395 , -1.46973444, -1.81571175]]), array([-40.28628505, -40.28628505])]
Training finished for round 25
>>>>>>>>>>>>> evaluating on client-side
>>>>>>>>>>>>> printing final parameters
[array([[39.28163736, 39.13401457, 39.29545115, 39.51545894,  2.34203148,
         2.27386366,  2.27053535,  1.58894703, -0.44474507, -0.42318364,
         0.40215799,  0.53448313,  0.67665105,  0.56578987, -0.09888506,
        -0.30630974, -0.31983044, -0.48375326],
       [39.28163736, 39.13401457, 39.29545115, 39.51545894,  2.34203148,
         2.27386366,  2.27053535,  1.58894703, -0.44474507, -0.42318364,
         0.40215799,  0.53448313,  0.67665105,  0.56578987, -0.09888506,
        -0.30630974, -0.31983044, -0.48375326]]), array([-40.72334974, -40.72334974])]
>>>>>>>>>>>>> printing intermediate parameters
[array([[39.28163736, 39.13401457, 39.29545115, 39.51545894,  2.34203148,
         2.27386366,  2.27053535,  1.58894703, -0.44474507, -0.42318364,
         0.40215799,  0.53448313,  0.67665105,  0.56578987, -0.09888506,
        -0.30630974, -0.31983044, -0.48375326],
       [39.28163736, 39.13401457, 39.29545115, 39.51545894,  2.34203148,
         2.27386366,  2.27053535,  1.58894703, -0.44474507, -0.42318364,
         0.40215799,  0.53448313,  0.67665105,  0.56578987, -0.09888506,
        -0.30630974, -0.31983044, -0.48375326]]), array([-40.72334974, -40.72334974])]
Training finished for round 26
>>>>>>>>>>>>> evaluating on client-side
>>>>>>>>>>>>> printing final parameters
[array([[39.99322438, 40.22114624, 40.42221701, 40.49116361,  1.00724226,
         1.09111837,  1.16525784,  1.00181229,  0.50388149,  0.56406698,
         0.21870599,  0.21796522,  0.10984587,  0.06528078,  0.37403316,
         0.35388041,  0.37975277,  0.38933719],
       [39.99322438, 40.22114624, 40.42221701, 40.49116361,  1.00724226,
         1.09111837,  1.16525784,  1.00181229,  0.50388149,  0.56406698,
         0.21870599,  0.21796522,  0.10984587,  0.06528078,  0.37403316,
         0.35388041,  0.37975277,  0.38933719]]), array([-42.1429379, -42.1429379])]
>>>>>>>>>>>>> printing intermediate parameters
[array([[39.99322438, 40.22114624, 40.42221701, 40.49116361,  1.00724226,
         1.09111837,  1.16525784,  1.00181229,  0.50388149,  0.56406698,
         0.21870599,  0.21796522,  0.10984587,  0.06528078,  0.37403316,
         0.35388041,  0.37975277,  0.38933719],
       [39.99322438, 40.22114624, 40.42221701, 40.49116361,  1.00724226,
         1.09111837,  1.16525784,  1.00181229,  0.50388149,  0.56406698,
         0.21870599,  0.21796522,  0.10984587,  0.06528078,  0.37403316,
         0.35388041,  0.37975277,  0.38933719]]), array([-42.1429379, -42.1429379])]
Training finished for round 27
>>>>>>>>>>>>> evaluating on client-side
>>>>>>>>>>>>> printing final parameters
[array([[40.23280795, 40.95528638, 41.33042968, 41.57945455, -0.82237999,
        -0.52375857, -0.18373106,  0.81929913,  0.8668098 ,  1.17385903,
        -0.27719843, -0.581564  , -0.89937842, -0.73191583,  0.61964094,
         0.60751964,  0.52109726,  0.63964607],
       [40.23280795, 40.95528638, 41.33042968, 41.57945455, -0.82237999,
        -0.52375857, -0.18373106,  0.81929913,  0.8668098 ,  1.17385903,
        -0.27719843, -0.581564  , -0.89937842, -0.73191583,  0.61964094,
         0.60751964,  0.52109726,  0.63964607]]), array([-44.43570166, -44.43570166])]
>>>>>>>>>>>>> printing intermediate parameters
[array([[40.23280795, 40.95528638, 41.33042968, 41.57945455, -0.82237999,
        -0.52375857, -0.18373106,  0.81929913,  0.8668098 ,  1.17385903,
        -0.27719843, -0.581564  , -0.89937842, -0.73191583,  0.61964094,
         0.60751964,  0.52109726,  0.63964607],
       [40.23280795, 40.95528638, 41.33042968, 41.57945455, -0.82237999,
        -0.52375857, -0.18373106,  0.81929913,  0.8668098 ,  1.17385903,
        -0.27719843, -0.581564  , -0.89937842, -0.73191583,  0.61964094,
         0.60751964,  0.52109726,  0.63964607]]), array([-44.43570166, -44.43570166])]
Training finished for round 28
>>>>>>>>>>>>> evaluating on client-side
>>>>>>>>>>>>> printing final parameters
[array([[40.37794162, 41.52107599, 42.0858172 , 42.6623913 , -2.2124825 ,
        -1.68367424, -1.06675805,  1.05293456,  0.63201886,  1.23494898,
        -0.90178453, -1.55725716, -1.91549214, -1.44200285,  0.29379453,
         0.13704658, -0.17346392, -0.04821705],
       [40.37794162, 41.52107599, 42.0858172 , 42.6623913 , -2.2124825 ,
        -1.68367424, -1.06675805,  1.05293456,  0.63201886,  1.23494898,
        -0.90178453, -1.55725716, -1.91549214, -1.44200285,  0.29379453,
         0.13704658, -0.17346392, -0.04821705]]), array([-46.89896013, -46.89896013])]
>>>>>>>>>>>>> printing intermediate parameters
[array([[40.37794162, 41.52107599, 42.0858172 , 42.6623913 , -2.2124825 ,
        -1.68367424, -1.06675805,  1.05293456,  0.63201886,  1.23494898,
        -0.90178453, -1.55725716, -1.91549214, -1.44200285,  0.29379453,
         0.13704658, -0.17346392, -0.04821705],
       [40.37794162, 41.52107599, 42.0858172 , 42.6623913 , -2.2124825 ,
        -1.68367424, -1.06675805,  1.05293456,  0.63201886,  1.23494898,
        -0.90178453, -1.55725716, -1.91549214, -1.44200285,  0.29379453,
         0.13704658, -0.17346392, -0.04821705]]), array([-46.89896013, -46.89896013])]
Training finished for round 29
>>>>>>>>>>>>> evaluating on client-side
>>>>>>>>>>>>> printing final parameters
[array([[ 4.07877932e+01,  4.20630622e+01,  4.27555514e+01,
         4.37330229e+01, -2.38377698e+00, -1.78163500e+00,
        -9.97099071e-01,  1.63625913e+00, -2.88167183e-02,
         8.04334038e-01, -1.29236654e+00, -2.14723515e+00,
        -2.34735953e+00, -1.66016409e+00, -4.31454429e-01,
        -8.40187025e-01, -1.38499573e+00, -1.36878355e+00],
       [ 4.07877932e+01,  4.20630622e+01,  4.27555514e+01,
         4.37330229e+01, -2.38377698e+00, -1.78163500e+00,
        -9.97099071e-01,  1.63625913e+00, -2.88167183e-02,
         8.04334038e-01, -1.29236654e+00, -2.14723515e+00,
        -2.34735953e+00, -1.66016409e+00, -4.31454429e-01,
        -8.40187025e-01, -1.38499573e+00, -1.36878355e+00]]), array([-48.92406657, -48.92406657])]
>>>>>>>>>>>>> printing intermediate parameters
[array([[ 4.07877932e+01,  4.20630622e+01,  4.27555514e+01,
         4.37330229e+01, -2.38377698e+00, -1.78163500e+00,
        -9.97099071e-01,  1.63625913e+00, -2.88167183e-02,
         8.04334038e-01, -1.29236654e+00, -2.14723515e+00,
        -2.34735953e+00, -1.66016409e+00, -4.31454429e-01,
        -8.40187025e-01, -1.38499573e+00, -1.36878355e+00],
       [ 4.07877932e+01,  4.20630622e+01,  4.27555514e+01,
         4.37330229e+01, -2.38377698e+00, -1.78163500e+00,
        -9.97099071e-01,  1.63625913e+00, -2.88167183e-02,
         8.04334038e-01, -1.29236654e+00, -2.14723515e+00,
        -2.34735953e+00, -1.66016409e+00, -4.31454429e-01,
        -8.40187025e-01, -1.38499573e+00, -1.36878355e+00]]), array([-48.92406657, -48.92406657])]
Training finished for round 30
>>>>>>>>>>>>> evaluating on client-side
>>>>>>>>>>>>> printing final parameters
[array([[41.80540052, 42.76222585, 43.47092175, 44.68632255, -1.34058555,
        -0.88617138, -0.12399055,  2.22580541, -0.74435399,  0.13708135,
        -1.24634425, -2.01550236, -1.92975591, -1.26354146, -1.13325235,
        -1.78668436, -2.4323772 , -2.61287847],
       [41.80540052, 42.76222585, 43.47092175, 44.68632255, -1.34058555,
        -0.88617138, -0.12399055,  2.22580541, -0.74435399,  0.13708135,
        -1.24634425, -2.01550236, -1.92975591, -1.26354146, -1.13325235,
        -1.78668436, -2.4323772 , -2.61287847]]), array([-49.98491004, -49.98491004])]
