INFO flwr 2023-11-03 22:34:43,269 | grpc.py:49 | Opened insecure gRPC connection (no certificates were passed)
DEBUG flwr 2023-11-03 22:34:43,271 | connection.py:42 | ChannelConnectivity.IDLE
DEBUG flwr 2023-11-03 22:34:43,272 | connection.py:42 | ChannelConnectivity.CONNECTING
DEBUG flwr 2023-11-03 22:34:43,273 | connection.py:42 | ChannelConnectivity.READY
===================
['AGE_[41.0, 57.0)', 'AGE_[57.0, 67.0)', 'AGE_[67.0, 78.0)', 'AGE_[78.0, 199.0)', 'PULSE_[68.5, 77.5)', 'PULSE_[77.5, 85.5)', 'PULSE_[85.5, 98.0)', 'PULSE_[98.0, 282.0)', 'RESPIRATION_[16.0, 18.0)', 'RESPIRATION_[18.0, 144.0)', 'SAO2_[97.0, 98.5)', 'SAO2_[98.5, 200.0)', 'BPDIASTOLIC_[62.5, 70.5)', 'BPDIASTOLIC_[70.5, 76.5)', 'BPDIASTOLIC_[76.5, 85.5)', 'BPDIASTOLIC_[85.5, 5898.0)', 'BPSYSTOLIC_[113.5, 126.0)', 'BPSYSTOLIC_[126.0, 137.0)', 'BPSYSTOLIC_[137.0, 153.0)', 'BPSYSTOLIC_[153.0, 1046.0)', 'GENDER_M_1.0', 'Renal_1_1.0']
===================
>>>>>>>>>>>>> setting initial parameters
[[0. 0. 0. 0. 0. 0. 0. 0. 0. 0. 0. 0. 0. 0. 0. 0. 0. 0. 0. 0. 0. 0.]
 [0. 0. 0. 0. 0. 0. 0. 0. 0. 0. 0. 0. 0. 0. 0. 0. 0. 0. 0. 0. 0. 0.]]
>>>>>>>>>>>>> printing intermediate parameters
[array([[0., 0., 0., 0., 0., 0., 0., 0., 0., 0., 0., 0., 0., 0., 0., 0.,
        0., 0., 0., 0., 0., 0.],
       [0., 0., 0., 0., 0., 0., 0., 0., 0., 0., 0., 0., 0., 0., 0., 0.,
        0., 0., 0., 0., 0., 0.]]), array([0., 0.])]
Training finished for round 1
>>>>>>>>>>>>> evaluating on client-side
>>>>>>>>>>>>> printing final parameters
[array([[-0.3207937 , -0.16812474, -0.01554568,  0.31303226, -0.35708631,
        -0.27556297, -0.1217216 ,  0.40987538, -0.65648315, -0.37153782,
        -0.61968077, -0.41761439, -0.24834275, -0.35601335, -0.36871814,
        -0.25355063, -0.16574727, -0.29258888, -0.37761328, -0.41596348,
         0.07316923,  0.45263818],
       [-0.3207937 , -0.16812474, -0.01554568,  0.31303226, -0.35708631,
        -0.27556297, -0.1217216 ,  0.40987538, -0.65648315, -0.37153782,
        -0.61968077, -0.41761439, -0.24834275, -0.35601335, -0.36871814,
        -0.25355063, -0.16574727, -0.29258888, -0.37761328, -0.41596348,
         0.07316923,  0.45263818]]), array([-1.18513767, -1.18513767])]
>>>>>>>>>>>>> printing intermediate parameters
[array([[-0.3207937 , -0.16812474, -0.01554568,  0.31303226, -0.35708631,
        -0.27556297, -0.1217216 ,  0.40987538, -0.65648315, -0.37153782,
        -0.61968077, -0.41761439, -0.24834275, -0.35601335, -0.36871814,
        -0.25355063, -0.16574727, -0.29258888, -0.37761328, -0.41596348,
         0.07316923,  0.45263818],
       [-0.3207937 , -0.16812474, -0.01554568,  0.31303226, -0.35708631,
        -0.27556297, -0.1217216 ,  0.40987538, -0.65648315, -0.37153782,
        -0.61968077, -0.41761439, -0.24834275, -0.35601335, -0.36871814,
        -0.25355063, -0.16574727, -0.29258888, -0.37761328, -0.41596348,
         0.07316923,  0.45263818]]), array([-1.18513767, -1.18513767])]
Training finished for round 2
>>>>>>>>>>>>> evaluating on client-side
>>>>>>>>>>>>> printing final parameters
[array([[-0.2078852 ,  0.37925316,  0.77010423,  1.55325881, -0.50343802,
        -0.19099469,  0.21465387,  1.43098825, -1.62989488, -0.99625052,
        -1.32908915, -0.83150402, -0.59147115, -0.90947128, -0.89200059,
        -0.54073831, -0.51376835, -0.87540179, -1.19739231, -1.30720763,
         0.18748075,  1.07601584],
       [-0.2078852 ,  0.37925316,  0.77010423,  1.55325881, -0.50343802,
        -0.19099469,  0.21465387,  1.43098825, -1.62989488, -0.99625052,
        -1.32908915, -0.83150402, -0.59147115, -0.90947128, -0.89200059,
        -0.54073831, -0.51376835, -0.87540179, -1.19739231, -1.30720763,
         0.18748075,  1.07601584]]), array([-4.0254117, -4.0254117])]
>>>>>>>>>>>>> printing intermediate parameters
[array([[-0.2078852 ,  0.37925316,  0.77010423,  1.55325881, -0.50343802,
        -0.19099469,  0.21465387,  1.43098825, -1.62989488, -0.99625052,
        -1.32908915, -0.83150402, -0.59147115, -0.90947128, -0.89200059,
        -0.54073831, -0.51376835, -0.87540179, -1.19739231, -1.30720763,
         0.18748075,  1.07601584],
       [-0.2078852 ,  0.37925316,  0.77010423,  1.55325881, -0.50343802,
        -0.19099469,  0.21465387,  1.43098825, -1.62989488, -0.99625052,
        -1.32908915, -0.83150402, -0.59147115, -0.90947128, -0.89200059,
        -0.54073831, -0.51376835, -0.87540179, -1.19739231, -1.30720763,
         0.18748075,  1.07601584]]), array([-4.0254117, -4.0254117])]
Training finished for round 3
>>>>>>>>>>>>> evaluating on client-side
>>>>>>>>>>>>> printing final parameters
[array([[ 0.60145495,  1.51152904,  2.08187694,  3.27996107, -0.33332678,
         0.15386618,  0.8037709 ,  2.51779565, -2.33137972, -1.42950683,
        -1.79280738, -1.08131906, -0.83029477, -1.31002738, -1.22057637,
        -0.69164088, -0.82270513, -1.41102153, -1.95841108, -2.16556124,
         0.24977665,  1.54903484],
       [ 0.60145495,  1.51152904,  2.08187694,  3.27996107, -0.33332678,
         0.15386618,  0.8037709 ,  2.51779565, -2.33137972, -1.42950683,
        -1.79280738, -1.08131906, -0.83029477, -1.31002738, -1.22057637,
        -0.69164088, -0.82270513, -1.41102153, -1.95841108, -2.16556124,
         0.24977665,  1.54903484]]), array([-7.36219702, -7.36219702])]
>>>>>>>>>>>>> printing intermediate parameters
[array([[ 0.60145495,  1.51152904,  2.08187694,  3.27996107, -0.33332678,
         0.15386618,  0.8037709 ,  2.51779565, -2.33137972, -1.42950683,
        -1.79280738, -1.08131906, -0.83029477, -1.31002738, -1.22057637,
        -0.69164088, -0.82270513, -1.41102153, -1.95841108, -2.16556124,
         0.24977665,  1.54903484],
       [ 0.60145495,  1.51152904,  2.08187694,  3.27996107, -0.33332678,
         0.15386618,  0.8037709 ,  2.51779565, -2.33137972, -1.42950683,
        -1.79280738, -1.08131906, -0.83029477, -1.31002738, -1.22057637,
        -0.69164088, -0.82270513, -1.41102153, -1.95841108, -2.16556124,
         0.24977665,  1.54903484]]), array([-7.36219702, -7.36219702])]
Training finished for round 4
>>>>>>>>>>>>> evaluating on client-side
>>>>>>>>>>>>> printing final parameters
[array([[ 1.96000622,  2.95472626,  3.58879005,  4.91148193,  0.12521633,
         0.64562502,  1.40675737,  3.1765478 , -2.42265156, -1.47490417,
        -1.80257365, -1.01806554, -0.83126008, -1.34742325, -1.18673135,
        -0.61314299, -0.94678993, -1.65460097, -2.31626884, -2.59783848,
         0.27268685,  1.66283497],
       [ 1.96000622,  2.95472626,  3.58879005,  4.91148193,  0.12521633,
         0.64562502,  1.40675737,  3.1765478 , -2.42265156, -1.47490417,
        -1.80257365, -1.01806554, -0.83126008, -1.34742325, -1.18673135,
        -0.61314299, -0.94678993, -1.65460097, -2.31626884, -2.59783848,
         0.27268685,  1.66283497]]), array([-9.8767763, -9.8767763])]
>>>>>>>>>>>>> printing intermediate parameters
[array([[ 1.96000622,  2.95472626,  3.58879005,  4.91148193,  0.12521633,
         0.64562502,  1.40675737,  3.1765478 , -2.42265156, -1.47490417,
        -1.80257365, -1.01806554, -0.83126008, -1.34742325, -1.18673135,
        -0.61314299, -0.94678993, -1.65460097, -2.31626884, -2.59783848,
         0.27268685,  1.66283497],
       [ 1.96000622,  2.95472626,  3.58879005,  4.91148193,  0.12521633,
         0.64562502,  1.40675737,  3.1765478 , -2.42265156, -1.47490417,
        -1.80257365, -1.01806554, -0.83126008, -1.34742325, -1.18673135,
        -0.61314299, -0.94678993, -1.65460097, -2.31626884, -2.59783848,
         0.27268685,  1.66283497]]), array([-9.8767763, -9.8767763])]
Training finished for round 5
>>>>>>>>>>>>> evaluating on client-side
>>>>>>>>>>>>> printing final parameters
[array([[ 3.93808745,  4.73681455,  5.28649173,  6.40307628,  0.8707483 ,
         1.2338963 ,  1.89119774,  3.27178797, -1.81075084, -1.07401487,
        -1.33636063, -0.65327045, -0.57017508, -0.96235215, -0.74420439,
        -0.27817875, -0.84421262, -1.51924836, -2.11761642, -2.42456463,
         0.23328427,  1.36266522],
       [ 3.93808745,  4.73681455,  5.28649173,  6.40307628,  0.8707483 ,
         1.2338963 ,  1.89119774,  3.27178797, -1.81075084, -1.07401487,
        -1.33636063, -0.65327045, -0.57017508, -0.96235215, -0.74420439,
        -0.27817875, -0.84421262, -1.51924836, -2.11761642, -2.42456463,
         0.23328427,  1.36266522]]), array([-11.27953591, -11.27953591])]
>>>>>>>>>>>>> printing intermediate parameters
[array([[ 3.93808745,  4.73681455,  5.28649173,  6.40307628,  0.8707483 ,
         1.2338963 ,  1.89119774,  3.27178797, -1.81075084, -1.07401487,
        -1.33636063, -0.65327045, -0.57017508, -0.96235215, -0.74420439,
        -0.27817875, -0.84421262, -1.51924836, -2.11761642, -2.42456463,
         0.23328427,  1.36266522],
       [ 3.93808745,  4.73681455,  5.28649173,  6.40307628,  0.8707483 ,
         1.2338963 ,  1.89119774,  3.27178797, -1.81075084, -1.07401487,
        -1.33636063, -0.65327045, -0.57017508, -0.96235215, -0.74420439,
        -0.27817875, -0.84421262, -1.51924836, -2.11761642, -2.42456463,
         0.23328427,  1.36266522]]), array([-11.27953591, -11.27953591])]
Training finished for round 6
>>>>>>>>>>>>> evaluating on client-side
>>>>>>>>>>>>> printing final parameters
[array([[ 6.38741282,  6.77411   ,  7.13196638,  7.78528308,  1.20314471,
         1.33519017,  1.77434965,  2.52285028, -0.71510869, -0.30700903,
        -0.65848679, -0.18463405, -0.21139755, -0.39639128, -0.20930826,
         0.03312313, -0.50926139, -0.98108629, -1.37142171, -1.60850209,
         0.15695689,  0.78370531],
       [ 6.38741282,  6.77411   ,  7.13196638,  7.78528308,  1.20314471,
         1.33519017,  1.77434965,  2.52285028, -0.71510869, -0.30700903,
        -0.65848679, -0.18463405, -0.21139755, -0.39639128, -0.20930826,
         0.03312313, -0.50926139, -0.98108629, -1.37142171, -1.60850209,
         0.15695689,  0.78370531]]), array([-11.54303156, -11.54303156])]
>>>>>>>>>>>>> printing intermediate parameters
[array([[ 6.38741282,  6.77411   ,  7.13196638,  7.78528308,  1.20314471,
         1.33519017,  1.77434965,  2.52285028, -0.71510869, -0.30700903,
        -0.65848679, -0.18463405, -0.21139755, -0.39639128, -0.20930826,
         0.03312313, -0.50926139, -0.98108629, -1.37142171, -1.60850209,
         0.15695689,  0.78370531],
       [ 6.38741282,  6.77411   ,  7.13196638,  7.78528308,  1.20314471,
         1.33519017,  1.77434965,  2.52285028, -0.71510869, -0.30700903,
        -0.65848679, -0.18463405, -0.21139755, -0.39639128, -0.20930826,
         0.03312313, -0.50926139, -0.98108629, -1.37142171, -1.60850209,
         0.15695689,  0.78370531]]), array([-11.54303156, -11.54303156])]
Training finished for round 7
>>>>>>>>>>>>> evaluating on client-side
>>>>>>>>>>>>> printing final parameters
[array([[ 8.84568261,  8.85925613,  9.00178827,  9.17098525,  0.94071901,
         0.90357073,  1.1185561 ,  1.26798203,  0.32952258,  0.42688547,
        -0.07377063,  0.17434266,  0.06746182,  0.04858154,  0.14521637,
         0.18293161, -0.13044555, -0.34056631, -0.49957068, -0.62345275,
         0.08972892,  0.20964926],
       [ 8.84568261,  8.85925613,  9.00178827,  9.17098525,  0.94071901,
         0.90357073,  1.1185561 ,  1.26798203,  0.32952258,  0.42688547,
        -0.07377063,  0.17434266,  0.06746182,  0.04858154,  0.14521637,
         0.18293161, -0.13044555, -0.34056631, -0.49957068, -0.62345275,
         0.08972892,  0.20964926]]), array([-11.31366103, -11.31366103])]
>>>>>>>>>>>>> printing intermediate parameters
[array([[ 8.84568261,  8.85925613,  9.00178827,  9.17098525,  0.94071901,
         0.90357073,  1.1185561 ,  1.26798203,  0.32952258,  0.42688547,
        -0.07377063,  0.17434266,  0.06746182,  0.04858154,  0.14521637,
         0.18293161, -0.13044555, -0.34056631, -0.49957068, -0.62345275,
         0.08972892,  0.20964926],
       [ 8.84568261,  8.85925613,  9.00178827,  9.17098525,  0.94071901,
         0.90357073,  1.1185561 ,  1.26798203,  0.32952258,  0.42688547,
        -0.07377063,  0.17434266,  0.06746182,  0.04858154,  0.14521637,
         0.18293161, -0.13044555, -0.34056631, -0.49957068, -0.62345275,
         0.08972892,  0.20964926]]), array([-11.31366103, -11.31366103])]
Training finished for round 8
>>>>>>>>>>>>> evaluating on client-side
>>>>>>>>>>>>> printing final parameters
[array([[10.86339714, 10.72378043, 10.75767463, 10.65986036,  0.27216138,
         0.20208039,  0.30374589,  0.18094844,  0.91790866,  0.86608923,
         0.10671296,  0.24624722,  0.14951009,  0.18673617,  0.17730584,
         0.1197483 ,  0.11936132,  0.08491958,  0.06493746,  0.03304851,
         0.08674447, -0.04532764],
       [10.86339714, 10.72378043, 10.75767463, 10.65986036,  0.27216138,
         0.20208039,  0.30374589,  0.18094844,  0.91790866,  0.86608923,
         0.10671296,  0.24624722,  0.14951009,  0.18673617,  0.17730584,
         0.1197483 ,  0.11936132,  0.08491958,  0.06493746,  0.03304851,
         0.08674447, -0.04532764]]), array([-11.67903163, -11.67903163])]
>>>>>>>>>>>>> printing intermediate parameters
[array([[10.86339714, 10.72378043, 10.75767463, 10.65986036,  0.27216138,
         0.20208039,  0.30374589,  0.18094844,  0.91790866,  0.86608923,
         0.10671296,  0.24624722,  0.14951009,  0.18673617,  0.17730584,
         0.1197483 ,  0.11936132,  0.08491958,  0.06493746,  0.03304851,
         0.08674447, -0.04532764],
       [10.86339714, 10.72378043, 10.75767463, 10.65986036,  0.27216138,
         0.20208039,  0.30374589,  0.18094844,  0.91790866,  0.86608923,
         0.10671296,  0.24624722,  0.14951009,  0.18673617,  0.17730584,
         0.1197483 ,  0.11936132,  0.08491958,  0.06493746,  0.03304851,
         0.08674447, -0.04532764]]), array([-11.67903163, -11.67903163])]
Training finished for round 9
>>>>>>>>>>>>> evaluating on client-side
>>>>>>>>>>>>> printing final parameters
[array([[12.31820144, 12.22608751, 12.27357542, 12.27611158, -0.78289207,
        -0.7829621 , -0.66961373, -0.48001847,  0.82945845,  0.90672058,
        -0.27410214, -0.07608676, -0.01897844, -0.04873679, -0.16135597,
        -0.18496797,  0.20722556,  0.194009  ,  0.21313833,  0.21633586,
         0.10424727,  0.08173235],
       [12.31820144, 12.22608751, 12.27357542, 12.27611158, -0.78289207,
        -0.7829621 , -0.66961373, -0.48001847,  0.82945845,  0.90672058,
        -0.27410214, -0.07608676, -0.01897844, -0.04873679, -0.16135597,
        -0.18496797,  0.20722556,  0.194009  ,  0.21313833,  0.21633586,
         0.10424727,  0.08173235]]), array([-13.04564133, -13.04564133])]
>>>>>>>>>>>>> printing intermediate parameters
[array([[12.31820144, 12.22608751, 12.27357542, 12.27611158, -0.78289207,
        -0.7829621 , -0.66961373, -0.48001847,  0.82945845,  0.90672058,
        -0.27410214, -0.07608676, -0.01897844, -0.04873679, -0.16135597,
        -0.18496797,  0.20722556,  0.194009  ,  0.21313833,  0.21633586,
         0.10424727,  0.08173235],
       [12.31820144, 12.22608751, 12.27357542, 12.27611158, -0.78289207,
        -0.7829621 , -0.66961373, -0.48001847,  0.82945845,  0.90672058,
        -0.27410214, -0.07608676, -0.01897844, -0.04873679, -0.16135597,
        -0.18496797,  0.20722556,  0.194009  ,  0.21313833,  0.21633586,
         0.10424727,  0.08173235]]), array([-13.04564133, -13.04564133])]
Training finished for round 10
>>>>>>>>>>>>> evaluating on client-side
>>>>>>>>>>>>> printing final parameters
[array([[13.17731933, 13.38729446, 13.59117004, 13.95777526, -1.90377629,
        -1.66442656, -1.32498306, -0.41125831,  0.06909694,  0.45788197,
        -1.04508945, -0.59375449, -0.43926343, -0.65939386, -0.82724915,
        -0.6697642 ,  0.05132785, -0.07231984, -0.2021976 , -0.23782441,
         0.2074969 ,  0.62482819],
       [13.17731933, 13.38729446, 13.59117004, 13.95777526, -1.90377629,
        -1.66442656, -1.32498306, -0.41125831,  0.06909694,  0.45788197,
        -1.04508945, -0.59375449, -0.43926343, -0.65939386, -0.82724915,
        -0.6697642 ,  0.05132785, -0.07231984, -0.2021976 , -0.23782441,
         0.2074969 ,  0.62482819]]), array([-15.39783663, -15.39783663])]
>>>>>>>>>>>>> printing intermediate parameters
[array([[13.17731933, 13.38729446, 13.59117004, 13.95777526, -1.90377629,
        -1.66442656, -1.32498306, -0.41125831,  0.06909694,  0.45788197,
        -1.04508945, -0.59375449, -0.43926343, -0.65939386, -0.82724915,
        -0.6697642 ,  0.05132785, -0.07231984, -0.2021976 , -0.23782441,
         0.2074969 ,  0.62482819],
       [13.17731933, 13.38729446, 13.59117004, 13.95777526, -1.90377629,
        -1.66442656, -1.32498306, -0.41125831,  0.06909694,  0.45788197,
        -1.04508945, -0.59375449, -0.43926343, -0.65939386, -0.82724915,
        -0.6697642 ,  0.05132785, -0.07231984, -0.2021976 , -0.23782441,
         0.2074969 ,  0.62482819]]), array([-15.39783663, -15.39783663])]
Training finished for round 11
>>>>>>>>>>>>> evaluating on client-side
>>>>>>>>>>>>> printing final parameters
[array([[13.67268664, 14.32084765, 14.73465001, 15.58654629, -2.06315863,
        -1.54358268, -0.95835179,  0.63335122, -1.1582643 , -0.4377716 ,
        -1.69783295, -1.01088201, -0.82866594, -1.27585315, -1.3803418 ,
        -0.97186671, -0.35896095, -0.71155468, -1.09894549, -1.21970177,
         0.28397617,  1.23685042],
       [13.67268664, 14.32084765, 14.73465001, 15.58654629, -2.06315863,
        -1.54358268, -0.95835179,  0.63335122, -1.1582643 , -0.4377716 ,
        -1.69783295, -1.01088201, -0.82866594, -1.27585315, -1.3803418 ,
        -0.97186671, -0.35896095, -0.71155468, -1.09894549, -1.21970177,
         0.28397617,  1.23685042]]), array([-18.32045439, -18.32045439])]
>>>>>>>>>>>>> printing intermediate parameters
[array([[13.67268664, 14.32084765, 14.73465001, 15.58654629, -2.06315863,
        -1.54358268, -0.95835179,  0.63335122, -1.1582643 , -0.4377716 ,
        -1.69783295, -1.01088201, -0.82866594, -1.27585315, -1.3803418 ,
        -0.97186671, -0.35896095, -0.71155468, -1.09894549, -1.21970177,
         0.28397617,  1.23685042],
       [13.67268664, 14.32084765, 14.73465001, 15.58654629, -2.06315863,
        -1.54358268, -0.95835179,  0.63335122, -1.1582643 , -0.4377716 ,
        -1.69783295, -1.01088201, -0.82866594, -1.27585315, -1.3803418 ,
        -0.97186671, -0.35896095, -0.71155468, -1.09894549, -1.21970177,
         0.28397617,  1.23685042]]), array([-18.32045439, -18.32045439])]
Training finished for round 12
>>>>>>>>>>>>> evaluating on client-side
>>>>>>>>>>>>> printing final parameters
[array([[14.25960598, 15.25923585, 15.82688657, 17.10105616, -1.17313272,
        -0.53122608,  0.23215143,  2.12974493, -2.29723469, -1.36880192,
        -1.92988072, -1.1705175 , -0.97621938, -1.56419596, -1.51755714,
        -0.92755782, -0.80901156, -1.39420202, -2.02564685, -2.24075516,
         0.29637427,  1.63529049],
       [14.25960598, 15.25923585, 15.82688657, 17.10105616, -1.17313272,
        -0.53122608,  0.23215143,  2.12974493, -2.29723469, -1.36880192,
        -1.92988072, -1.1705175 , -0.97621938, -1.56419596, -1.51755714,
        -0.92755782, -0.80901156, -1.39420202, -2.02564685, -2.24075516,
         0.29637427,  1.63529049]]), array([-21.02148841, -21.02148841])]
>>>>>>>>>>>>> printing intermediate parameters
[array([[14.25960598, 15.25923585, 15.82688657, 17.10105616, -1.17313272,
        -0.53122608,  0.23215143,  2.12974493, -2.29723469, -1.36880192,
        -1.92988072, -1.1705175 , -0.97621938, -1.56419596, -1.51755714,
        -0.92755782, -0.80901156, -1.39420202, -2.02564685, -2.24075516,
         0.29637427,  1.63529049],
       [14.25960598, 15.25923585, 15.82688657, 17.10105616, -1.17313272,
        -0.53122608,  0.23215143,  2.12974493, -2.29723469, -1.36880192,
        -1.92988072, -1.1705175 , -0.97621938, -1.56419596, -1.51755714,
        -0.92755782, -0.80901156, -1.39420202, -2.02564685, -2.24075516,
         0.29637427,  1.63529049]]), array([-21.02148841, -21.02148841])]
Training finished for round 13
>>>>>>>>>>>>> evaluating on client-side
>>>>>>>>>>>>> printing final parameters
[array([[15.38426475, 16.47541581, 17.06524842, 18.4297635 ,  0.28239879,
         0.86054286,  1.61149013,  3.28792522, -2.81576214, -1.91567485,
        -1.62075989, -0.95588107, -0.82773783, -1.38597281, -1.17547634,
        -0.55045573, -1.08120712, -1.78565874, -2.51475306, -2.79224993,
         0.2362473 ,  1.61123569],
       [15.38426475, 16.47541581, 17.06524842, 18.4297635 ,  0.28239879,
         0.86054286,  1.61149013,  3.28792522, -2.81576214, -1.91567485,
        -1.62075989, -0.95588107, -0.82773783, -1.38597281, -1.17547634,
        -0.55045573, -1.08120712, -1.78565874, -2.51475306, -2.79224993,
         0.2362473 ,  1.61123569]]), array([-22.80255782, -22.80255782])]
>>>>>>>>>>>>> printing intermediate parameters
[array([[15.38426475, 16.47541581, 17.06524842, 18.4297635 ,  0.28239879,
         0.86054286,  1.61149013,  3.28792522, -2.81576214, -1.91567485,
        -1.62075989, -0.95588107, -0.82773783, -1.38597281, -1.17547634,
        -0.55045573, -1.08120712, -1.78565874, -2.51475306, -2.79224993,
         0.2362473 ,  1.61123569],
       [15.38426475, 16.47541581, 17.06524842, 18.4297635 ,  0.28239879,
         0.86054286,  1.61149013,  3.28792522, -2.81576214, -1.91567485,
        -1.62075989, -0.95588107, -0.82773783, -1.38597281, -1.17547634,
        -0.55045573, -1.08120712, -1.78565874, -2.51475306, -2.79224993,
         0.2362473 ,  1.61123569]]), array([-22.80255782, -22.80255782])]
Training finished for round 14
>>>>>>>>>>>>> evaluating on client-side
>>>>>>>>>>>>> printing final parameters
[array([[17.1377297 , 17.93901925, 18.42388877, 19.55296536,  1.97561208,
         2.25702023,  2.78414302,  3.82555499, -2.54085035, -1.90020394,
        -0.94482073, -0.47927537, -0.41272801, -0.749492  , -0.40945975,
         0.06361625, -1.05587664, -1.7390591 , -2.34636746, -2.65016851,
         0.13400158,  1.20717339],
       [17.1377297 , 17.93901925, 18.42388877, 19.55296536,  1.97561208,
         2.25702023,  2.78414302,  3.82555499, -2.54085035, -1.90020394,
        -0.94482073, -0.47927537, -0.41272801, -0.749492  , -0.40945975,
         0.06361625, -1.05587664, -1.7390591 , -2.34636746, -2.65016851,
         0.13400158,  1.20717339]]), array([-23.61262736, -23.61262736])]
>>>>>>>>>>>>> printing intermediate parameters
[array([[17.1377297 , 17.93901925, 18.42388877, 19.55296536,  1.97561208,
         2.25702023,  2.78414302,  3.82555499, -2.54085035, -1.90020394,
        -0.94482073, -0.47927537, -0.41272801, -0.749492  , -0.40945975,
         0.06361625, -1.05587664, -1.7390591 , -2.34636746, -2.65016851,
         0.13400158,  1.20717339],
       [17.1377297 , 17.93901925, 18.42388877, 19.55296536,  1.97561208,
         2.25702023,  2.78414302,  3.82555499, -2.54085035, -1.90020394,
        -0.94482073, -0.47927537, -0.41272801, -0.749492  , -0.40945975,
         0.06361625, -1.05587664, -1.7390591 , -2.34636746, -2.65016851,
         0.13400158,  1.20717339]]), array([-23.61262736, -23.61262736])]
Training finished for round 15
>>>>>>>>>>>>> evaluating on client-side
>>>>>>>>>>>>> printing final parameters
[array([[ 1.92543427e+01,  1.95064102e+01,  1.97905412e+01,
         2.04581871e+01,  3.02445568e+00,  2.93525861e+00,
         3.14105828e+00,  3.43136490e+00, -1.36669467e+00,
        -1.15191605e+00, -3.11560778e-01, -1.74135949e-02,
         7.64742883e-02,  5.02336481e-02,  3.85159844e-01,
         5.59009825e-01, -6.33964412e-01, -1.14028320e+00,
        -1.43689806e+00, -1.71020935e+00,  2.02436156e-02,
         6.02716831e-01],
       [ 1.92543427e+01,  1.95064102e+01,  1.97905412e+01,
         2.04581871e+01,  3.02445568e+00,  2.93525861e+00,
         3.14105828e+00,  3.43136490e+00, -1.36669467e+00,
        -1.15191605e+00, -3.11560778e-01, -1.74135949e-02,
         7.64742883e-02,  5.02336481e-02,  3.85159844e-01,
         5.59009825e-01, -6.33964412e-01, -1.14028320e+00,
        -1.43689806e+00, -1.71020935e+00,  2.02436156e-02,
         6.02716831e-01]]), array([-23.84034157, -23.84034157])]
>>>>>>>>>>>>> printing intermediate parameters
[array([[ 1.92543427e+01,  1.95064102e+01,  1.97905412e+01,
         2.04581871e+01,  3.02445568e+00,  2.93525861e+00,
         3.14105828e+00,  3.43136490e+00, -1.36669467e+00,
        -1.15191605e+00, -3.11560778e-01, -1.74135949e-02,
         7.64742883e-02,  5.02336481e-02,  3.85159844e-01,
         5.59009825e-01, -6.33964412e-01, -1.14028320e+00,
        -1.43689806e+00, -1.71020935e+00,  2.02436156e-02,
         6.02716831e-01],
       [ 1.92543427e+01,  1.95064102e+01,  1.97905412e+01,
         2.04581871e+01,  3.02445568e+00,  2.93525861e+00,
         3.14105828e+00,  3.43136490e+00, -1.36669467e+00,
        -1.15191605e+00, -3.11560778e-01, -1.74135949e-02,
         7.64742883e-02,  5.02336481e-02,  3.85159844e-01,
         5.59009825e-01, -6.33964412e-01, -1.14028320e+00,
        -1.43689806e+00, -1.71020935e+00,  2.02436156e-02,
         6.02716831e-01]]), array([-23.84034157, -23.84034157])]
Training finished for round 16
>>>>>>>>>>>>> evaluating on client-side
>>>>>>>>>>>>> printing final parameters
[array([[21.14549079, 21.03397815, 21.18448742, 21.27276132,  2.47289523,
         2.26539289,  2.28479251,  2.04933224,  0.22800107,  0.16700545,
         0.04056811,  0.23985057,  0.27320211,  0.38133388,  0.53492515,
         0.49616699, -0.07676403, -0.30830111, -0.26846637, -0.40582227,
         0.04313762,  0.17166102],
       [21.14549079, 21.03397815, 21.18448742, 21.27276132,  2.47289523,
         2.26539289,  2.28479251,  2.04933224,  0.22800107,  0.16700545,
         0.04056811,  0.23985057,  0.27320211,  0.38133388,  0.53492515,
         0.49616699, -0.07676403, -0.30830111, -0.26846637, -0.40582227,
         0.04313762,  0.17166102]]), array([-23.91166975, -23.91166975])]
>>>>>>>>>>>>> printing intermediate parameters
[array([[21.14549079, 21.03397815, 21.18448742, 21.27276132,  2.47289523,
         2.26539289,  2.28479251,  2.04933224,  0.22800107,  0.16700545,
         0.04056811,  0.23985057,  0.27320211,  0.38133388,  0.53492515,
         0.49616699, -0.07676403, -0.30830111, -0.26846637, -0.40582227,
         0.04313762,  0.17166102],
       [21.14549079, 21.03397815, 21.18448742, 21.27276132,  2.47289523,
         2.26539289,  2.28479251,  2.04933224,  0.22800107,  0.16700545,
         0.04056811,  0.23985057,  0.27320211,  0.38133388,  0.53492515,
         0.49616699, -0.07676403, -0.30830111, -0.26846637, -0.40582227,
         0.04313762,  0.17166102]]), array([-23.91166975, -23.91166975])]
Training finished for round 17
>>>>>>>>>>>>> evaluating on client-side
>>>>>>>>>>>>> printing final parameters
[array([[22.54081452, 22.28753702, 22.41437577, 22.22295471,  1.30162237,
         1.14688603,  1.1398386 ,  0.93931207,  1.30140039,  1.21218237,
        -0.09057406,  0.15704507,  0.26125627,  0.34955267,  0.27852004,
         0.15162209,  0.36103465,  0.28971599,  0.53136661,  0.50513096,
         0.11894971,  0.05957539],
       [22.54081452, 22.28753702, 22.41437577, 22.22295471,  1.30162237,
         1.14688603,  1.1398386 ,  0.93931207,  1.30140039,  1.21218237,
        -0.09057406,  0.15704507,  0.26125627,  0.34955267,  0.27852004,
         0.15162209,  0.36103465,  0.28971599,  0.53136661,  0.50513096,
         0.11894971,  0.05957539]]), array([-24.74418158, -24.74418158])]
>>>>>>>>>>>>> printing intermediate parameters
[array([[22.54081452, 22.28753702, 22.41437577, 22.22295471,  1.30162237,
         1.14688603,  1.1398386 ,  0.93931207,  1.30140039,  1.21218237,
        -0.09057406,  0.15704507,  0.26125627,  0.34955267,  0.27852004,
         0.15162209,  0.36103465,  0.28971599,  0.53136661,  0.50513096,
         0.11894971,  0.05957539],
       [22.54081452, 22.28753702, 22.41437577, 22.22295471,  1.30162237,
         1.14688603,  1.1398386 ,  0.93931207,  1.30140039,  1.21218237,
        -0.09057406,  0.15704507,  0.26125627,  0.34955267,  0.27852004,
         0.15162209,  0.36103465,  0.28971599,  0.53136661,  0.50513096,
         0.11894971,  0.05957539]]), array([-24.74418158, -24.74418158])]
Training finished for round 18
>>>>>>>>>>>>> evaluating on client-side
>>>>>>>>>>>>> printing final parameters
[array([[23.35317048, 23.22244678, 23.41802756, 23.37049568, -0.43926383,
        -0.38852392, -0.23634054,  0.20066272,  1.72686116,  1.86068868,
        -0.69879945, -0.25338538, -0.03203258, -0.13850029, -0.41855161,
        -0.48489337,  0.62689275,  0.56740438,  0.78817087,  0.82946379,
         0.24407615,  0.33187607],
       [23.35317048, 23.22244678, 23.41802756, 23.37049568, -0.43926383,
        -0.38852392, -0.23634054,  0.20066272,  1.72686116,  1.86068868,
        -0.69879945, -0.25338538, -0.03203258, -0.13850029, -0.41855161,
        -0.48489337,  0.62689275,  0.56740438,  0.78817087,  0.82946379,
         0.24407615,  0.33187607]]), array([-26.46632929, -26.46632929])]
>>>>>>>>>>>>> printing intermediate parameters
[array([[23.35317048, 23.22244678, 23.41802756, 23.37049568, -0.43926383,
        -0.38852392, -0.23634054,  0.20066272,  1.72686116,  1.86068868,
        -0.69879945, -0.25338538, -0.03203258, -0.13850029, -0.41855161,
        -0.48489337,  0.62689275,  0.56740438,  0.78817087,  0.82946379,
         0.24407615,  0.33187607],
       [23.35317048, 23.22244678, 23.41802756, 23.37049568, -0.43926383,
        -0.38852392, -0.23634054,  0.20066272,  1.72686116,  1.86068868,
        -0.69879945, -0.25338538, -0.03203258, -0.13850029, -0.41855161,
        -0.48489337,  0.62689275,  0.56740438,  0.78817087,  0.82946379,
         0.24407615,  0.33187607]]), array([-26.46632929, -26.46632929])]
Training finished for round 19
>>>>>>>>>>>>> evaluating on client-side
>>>>>>>>>>>>> printing final parameters
[array([[ 2.36531791e+01,  2.39596242e+01,  2.42907090e+01,
         2.46859922e+01, -2.23946230e+00, -1.82097668e+00,
        -1.29499604e+00,  1.29213200e-02,  1.51577156e+00,
         2.00338932e+00, -1.39883608e+00, -6.96143009e-01,
        -6.34057983e-01, -1.06259349e+00, -1.41666330e+00,
        -1.24293985e+00,  4.73998519e-01,  3.37013476e-01,
         2.36439765e-01,  2.82627296e-01,  4.12756142e-01,
         8.96749834e-01],
       [ 2.36531791e+01,  2.39596242e+01,  2.42907090e+01,
         2.46859922e+01, -2.23946230e+00, -1.82097668e+00,
        -1.29499604e+00,  1.29213200e-02,  1.51577156e+00,
         2.00338932e+00, -1.39883608e+00, -6.96143009e-01,
        -6.34057983e-01, -1.06259349e+00, -1.41666330e+00,
        -1.24293985e+00,  4.73998519e-01,  3.37013476e-01,
         2.36439765e-01,  2.82627296e-01,  4.12756142e-01,
         8.96749834e-01]]), array([-28.74410321, -28.74410321])]
>>>>>>>>>>>>> printing intermediate parameters
[array([[ 2.36531791e+01,  2.39596242e+01,  2.42907090e+01,
         2.46859922e+01, -2.23946230e+00, -1.82097668e+00,
        -1.29499604e+00,  1.29213200e-02,  1.51577156e+00,
         2.00338932e+00, -1.39883608e+00, -6.96143009e-01,
        -6.34057983e-01, -1.06259349e+00, -1.41666330e+00,
        -1.24293985e+00,  4.73998519e-01,  3.37013476e-01,
         2.36439765e-01,  2.82627296e-01,  4.12756142e-01,
         8.96749834e-01],
       [ 2.36531791e+01,  2.39596242e+01,  2.42907090e+01,
         2.46859922e+01, -2.23946230e+00, -1.82097668e+00,
        -1.29499604e+00,  1.29213200e-02,  1.51577156e+00,
         2.00338932e+00, -1.39883608e+00, -6.96143009e-01,
        -6.34057983e-01, -1.06259349e+00, -1.41666330e+00,
        -1.24293985e+00,  4.73998519e-01,  3.37013476e-01,
         2.36439765e-01,  2.82627296e-01,  4.12756142e-01,
         8.96749834e-01]]), array([-28.74410321, -28.74410321])]
Training finished for round 20
>>>>>>>>>>>>> evaluating on client-side
>>>>>>>>>>>>> printing final parameters
[array([[23.79468198, 24.6416312 , 25.10931327, 26.05003385, -2.7867582 ,
        -2.13123343, -1.28938135,  0.65387473,  0.52934077,  1.3385789 ,
        -1.85674376, -0.99342321, -1.07357016, -1.75334416, -1.97682585,
        -1.50283709, -0.10408855, -0.43796738, -0.97802624, -1.00930458,
         0.47171608,  1.41921862],
       [23.79468198, 24.6416312 , 25.10931327, 26.05003385, -2.7867582 ,
        -2.13123343, -1.28938135,  0.65387473,  0.52934077,  1.3385789 ,
        -1.85674376, -0.99342321, -1.07357016, -1.75334416, -1.97682585,
        -1.50283709, -0.10408855, -0.43796738, -0.97802624, -1.00930458,
         0.47171608,  1.41921862]]), array([-30.88935477, -30.88935477])]
>>>>>>>>>>>>> printing intermediate parameters
[array([[23.79468198, 24.6416312 , 25.10931327, 26.05003385, -2.7867582 ,
        -2.13123343, -1.28938135,  0.65387473,  0.52934077,  1.3385789 ,
        -1.85674376, -0.99342321, -1.07357016, -1.75334416, -1.97682585,
        -1.50283709, -0.10408855, -0.43796738, -0.97802624, -1.00930458,
         0.47171608,  1.41921862],
       [23.79468198, 24.6416312 , 25.10931327, 26.05003385, -2.7867582 ,
        -2.13123343, -1.28938135,  0.65387473,  0.52934077,  1.3385789 ,
        -1.85674376, -0.99342321, -1.07357016, -1.75334416, -1.97682585,
        -1.50283709, -0.10408855, -0.43796738, -0.97802624, -1.00930458,
         0.47171608,  1.41921862]]), array([-30.88935477, -30.88935477])]
Training finished for round 21
>>>>>>>>>>>>> evaluating on client-side
>>>>>>>>>>>>> printing final parameters
[array([[24.26612091, 25.4514722 , 25.98517219, 27.3012029 , -1.8241309 ,
        -1.18307866, -0.21900986,  1.79757178, -0.76703451,  0.1995091 ,
        -1.82072864, -0.99964188, -1.14121195, -1.87546097, -1.81420652,
        -1.15562021, -0.84755145, -1.38961427, -2.27659953, -2.44555231,
         0.39292096,  1.63780912],
       [24.26612091, 25.4514722 , 25.98517219, 27.3012029 , -1.8241309 ,
        -1.18307866, -0.21900986,  1.79757178, -0.76703451,  0.1995091 ,
        -1.82072864, -0.99964188, -1.14121195, -1.87546097, -1.81420652,
        -1.15562021, -0.84755145, -1.38961427, -2.27659953, -2.44555231,
         0.39292096,  1.63780912]]), array([-32.32132804, -32.32132804])]
>>>>>>>>>>>>> printing intermediate parameters
[array([[24.26612091, 25.4514722 , 25.98517219, 27.3012029 , -1.8241309 ,
        -1.18307866, -0.21900986,  1.79757178, -0.76703451,  0.1995091 ,
        -1.82072864, -0.99964188, -1.14121195, -1.87546097, -1.81420652,
        -1.15562021, -0.84755145, -1.38961427, -2.27659953, -2.44555231,
         0.39292096,  1.63780912],
       [24.26612091, 25.4514722 , 25.98517219, 27.3012029 , -1.8241309 ,
        -1.18307866, -0.21900986,  1.79757178, -0.76703451,  0.1995091 ,
        -1.82072864, -0.99964188, -1.14121195, -1.87546097, -1.81420652,
        -1.15562021, -0.84755145, -1.38961427, -2.27659953, -2.44555231,
         0.39292096,  1.63780912]]), array([-32.32132804, -32.32132804])]
Training finished for round 22
>>>>>>>>>>>>> evaluating on client-side
>>>>>>>>>>>>> printing final parameters
[array([[25.40885089, 26.52163866, 27.00729172, 28.36146952, -0.04077045,
         0.38702996,  1.17121126,  2.70396844, -1.73210195, -0.8760568 ,
        -1.31016417, -0.71242228, -0.82949655, -1.35687323, -1.00360667,
        -0.35168558, -1.37730318, -2.04769766, -2.97969378, -3.29483279,
         0.20584633,  1.45195623],
       [25.40885089, 26.52163866, 27.00729172, 28.36146952, -0.04077045,
         0.38702996,  1.17121126,  2.70396844, -1.73210195, -0.8760568 ,
        -1.31016417, -0.71242228, -0.82949655, -1.35687323, -1.00360667,
        -0.35168558, -1.37730318, -2.04769766, -2.97969378, -3.29483279,
         0.20584633,  1.45195623]]), array([-32.69266481, -32.69266481])]
>>>>>>>>>>>>> printing intermediate parameters
[array([[25.40885089, 26.52163866, 27.00729172, 28.36146952, -0.04077045,
         0.38702996,  1.17121126,  2.70396844, -1.73210195, -0.8760568 ,
        -1.31016417, -0.71242228, -0.82949655, -1.35687323, -1.00360667,
        -0.35168558, -1.37730318, -2.04769766, -2.97969378, -3.29483279,
         0.20584633,  1.45195623],
       [25.40885089, 26.52163866, 27.00729172, 28.36146952, -0.04077045,
         0.38702996,  1.17121126,  2.70396844, -1.73210195, -0.8760568 ,
        -1.31016417, -0.71242228, -0.82949655, -1.35687323, -1.00360667,
        -0.35168558, -1.37730318, -2.04769766, -2.97969378, -3.29483279,
         0.20584633,  1.45195623]]), array([-32.69266481, -32.69266481])]
Training finished for round 23
>>>>>>>>>>>>> evaluating on client-side
>>>>>>>>>>>>> printing final parameters
[array([[ 2.70886866e+01,  2.78065135e+01,  2.81736917e+01,
         2.92325680e+01,  1.99881988e+00,  2.08341428e+00,
         2.46189319e+00,  3.16407148e+00, -2.23292285e+00,
        -1.70745828e+00, -5.78015552e-01, -2.80224857e-01,
        -1.98115049e-01, -3.27875728e-01,  2.36819781e-01,
         7.19668335e-01, -1.50801896e+00, -2.19263051e+00,
        -2.88940425e+00, -3.32356122e+00, -1.96240950e-02,
         9.46989746e-01],
       [ 2.70886866e+01,  2.78065135e+01,  2.81736917e+01,
         2.92325680e+01,  1.99881988e+00,  2.08341428e+00,
         2.46189319e+00,  3.16407148e+00, -2.23292285e+00,
        -1.70745828e+00, -5.78015552e-01, -2.80224857e-01,
        -1.98115049e-01, -3.27875728e-01,  2.36819781e-01,
         7.19668335e-01, -1.50801896e+00, -2.19263051e+00,
        -2.88940425e+00, -3.32356122e+00, -1.96240950e-02,
         9.46989746e-01]]), array([-32.20082214, -32.20082214])]
>>>>>>>>>>>>> printing intermediate parameters
[array([[ 2.70886866e+01,  2.78065135e+01,  2.81736917e+01,
         2.92325680e+01,  1.99881988e+00,  2.08341428e+00,
         2.46189319e+00,  3.16407148e+00, -2.23292285e+00,
        -1.70745828e+00, -5.78015552e-01, -2.80224857e-01,
        -1.98115049e-01, -3.27875728e-01,  2.36819781e-01,
         7.19668335e-01, -1.50801896e+00, -2.19263051e+00,
        -2.88940425e+00, -3.32356122e+00, -1.96240950e-02,
         9.46989746e-01],
       [ 2.70886866e+01,  2.78065135e+01,  2.81736917e+01,
         2.92325680e+01,  1.99881988e+00,  2.08341428e+00,
         2.46189319e+00,  3.16407148e+00, -2.23292285e+00,
        -1.70745828e+00, -5.78015552e-01, -2.80224857e-01,
        -1.98115049e-01, -3.27875728e-01,  2.36819781e-01,
         7.19668335e-01, -1.50801896e+00, -2.19263051e+00,
        -2.88940425e+00, -3.32356122e+00, -1.96240950e-02,
         9.46989746e-01]]), array([-32.20082214, -32.20082214])]
Training finished for round 24
>>>>>>>>>>>>> evaluating on client-side
>>>>>>>>>>>>> printing final parameters
[array([[ 2.88800986e+01,  2.90815569e+01,  2.93170691e+01,
         2.98614992e+01,  3.11996523e+00,  2.94008684e+00,
         2.94243578e+00,  2.90128759e+00, -2.01455461e+00,
        -1.87182430e+00,  2.65909874e-02,  8.73789149e-02,
         3.48677387e-01,  5.57659151e-01,  1.08577103e+00,
         1.28220592e+00, -1.05466797e+00, -1.59176730e+00,
        -1.87456729e+00, -2.28595922e+00, -1.47125907e-01,
         3.77228601e-01],
       [ 2.88800986e+01,  2.90815569e+01,  2.93170691e+01,
         2.98614992e+01,  3.11996523e+00,  2.94008684e+00,
         2.94243578e+00,  2.90128759e+00, -2.01455461e+00,
        -1.87182430e+00,  2.65909874e-02,  8.73789149e-02,
         3.48677387e-01,  5.57659151e-01,  1.08577103e+00,
         1.28220592e+00, -1.05466797e+00, -1.59176730e+00,
        -1.87456729e+00, -2.28595922e+00, -1.47125907e-01,
         3.77228601e-01]]), array([-31.48464846, -31.48464846])]
>>>>>>>>>>>>> printing intermediate parameters
[array([[ 2.88800986e+01,  2.90815569e+01,  2.93170691e+01,
         2.98614992e+01,  3.11996523e+00,  2.94008684e+00,
         2.94243578e+00,  2.90128759e+00, -2.01455461e+00,
        -1.87182430e+00,  2.65909874e-02,  8.73789149e-02,
         3.48677387e-01,  5.57659151e-01,  1.08577103e+00,
         1.28220592e+00, -1.05466797e+00, -1.59176730e+00,
        -1.87456729e+00, -2.28595922e+00, -1.47125907e-01,
         3.77228601e-01],
       [ 2.88800986e+01,  2.90815569e+01,  2.93170691e+01,
         2.98614992e+01,  3.11996523e+00,  2.94008684e+00,
         2.94243578e+00,  2.90128759e+00, -2.01455461e+00,
        -1.87182430e+00,  2.65909874e-02,  8.73789149e-02,
         3.48677387e-01,  5.57659151e-01,  1.08577103e+00,
         1.28220592e+00, -1.05466797e+00, -1.59176730e+00,
        -1.87456729e+00, -2.28595922e+00, -1.47125907e-01,
         3.77228601e-01]]), array([-31.48464846, -31.48464846])]
Training finished for round 25
>>>>>>>>>>>>> evaluating on client-side
>>>>>>>>>>>>> printing final parameters
[array([[30.15758066, 30.12544418, 30.28903012, 30.39892892,  2.79964995,
         2.64139585,  2.51888954,  2.10212666, -1.14810832, -1.23413925,
         0.15085996,  0.19918121,  0.53819493,  0.82195125,  1.08787496,
         1.03770238, -0.24823143, -0.54418255, -0.51515687, -0.77243265,
        -0.05351227,  0.08604069],
       [30.15758066, 30.12544418, 30.28903012, 30.39892892,  2.79964995,
         2.64139585,  2.51888954,  2.10212666, -1.14810832, -1.23413925,
         0.15085996,  0.19918121,  0.53819493,  0.82195125,  1.08787496,
         1.03770238, -0.24823143, -0.54418255, -0.51515687, -0.77243265,
        -0.05351227,  0.08604069]]), array([-31.4595087, -31.4595087])]
>>>>>>>>>>>>> printing intermediate parameters
[array([[30.15758066, 30.12544418, 30.28903012, 30.39892892,  2.79964995,
         2.64139585,  2.51888954,  2.10212666, -1.14810832, -1.23413925,
         0.15085996,  0.19918121,  0.53819493,  0.82195125,  1.08787496,
         1.03770238, -0.24823143, -0.54418255, -0.51515687, -0.77243265,
        -0.05351227,  0.08604069],
       [30.15758066, 30.12544418, 30.28903012, 30.39892892,  2.79964995,
         2.64139585,  2.51888954,  2.10212666, -1.14810832, -1.23413925,
         0.15085996,  0.19918121,  0.53819493,  0.82195125,  1.08787496,
         1.03770238, -0.24823143, -0.54418255, -0.51515687, -0.77243265,
        -0.05351227,  0.08604069]]), array([-31.4595087, -31.4595087])]
Training finished for round 26
>>>>>>>>>>>>> evaluating on client-side
>>>>>>>>>>>>> printing final parameters
[array([[30.84322151, 30.83034534, 31.06745505, 31.02865835,  1.69730365,
         1.73347081,  1.7459691 ,  1.58269641, -0.68075163, -0.69743555,
        -0.31649892, -0.03355136,  0.44985316,  0.59191229,  0.51572931,
         0.37981489,  0.42648532,  0.25155886,  0.3999025 ,  0.30444898,
         0.19019195,  0.21478759],
       [30.84322151, 30.83034534, 31.06745505, 31.02865835,  1.69730365,
         1.73347081,  1.7459691 ,  1.58269641, -0.68075163, -0.69743555,
        -0.31649892, -0.03355136,  0.44985316,  0.59191229,  0.51572931,
         0.37981489,  0.42648532,  0.25155886,  0.3999025 ,  0.30444898,
         0.19019195,  0.21478759]]), array([-32.41408479, -32.41408479])]
>>>>>>>>>>>>> printing intermediate parameters
[array([[30.84322151, 30.83034534, 31.06745505, 31.02865835,  1.69730365,
         1.73347081,  1.7459691 ,  1.58269641, -0.68075163, -0.69743555,
        -0.31649892, -0.03355136,  0.44985316,  0.59191229,  0.51572931,
         0.37981489,  0.42648532,  0.25155886,  0.3999025 ,  0.30444898,
         0.19019195,  0.21478759],
       [30.84322151, 30.83034534, 31.06745505, 31.02865835,  1.69730365,
         1.73347081,  1.7459691 ,  1.58269641, -0.68075163, -0.69743555,
        -0.31649892, -0.03355136,  0.44985316,  0.59191229,  0.51572931,
         0.37981489,  0.42648532,  0.25155886,  0.3999025 ,  0.30444898,
         0.19019195,  0.21478759]]), array([-32.41408479, -32.41408479])]
Training finished for round 27
>>>>>>>>>>>>> evaluating on client-side
>>>>>>>>>>>>> printing final parameters
[array([[ 3.10236257e+01,  3.12336702e+01,  3.16196241e+01,
         3.17820794e+01,  1.25790832e-02,  3.25370826e-01,
         6.77940818e-01,  1.33282146e+00, -6.53440234e-01,
        -3.46493738e-01, -1.16966634e+00, -4.88737945e-01,
         1.33384968e-02, -1.88721071e-01, -5.69378707e-01,
        -6.13735681e-01,  8.55293108e-01,  6.86211145e-01,
         7.21566586e-01,  7.71517264e-01,  4.91862176e-01,
         7.15335731e-01],
       [ 3.10236257e+01,  3.12336702e+01,  3.16196241e+01,
         3.17820794e+01,  1.25790832e-02,  3.25370826e-01,
         6.77940818e-01,  1.33282146e+00, -6.53440234e-01,
        -3.46493738e-01, -1.16966634e+00, -4.88737945e-01,
         1.33384968e-02, -1.88721071e-01, -5.69378707e-01,
        -6.13735681e-01,  8.55293108e-01,  6.86211145e-01,
         7.21566586e-01,  7.71517264e-01,  4.91862176e-01,
         7.15335731e-01]]), array([-34.22410859, -34.22410859])]
>>>>>>>>>>>>> printing intermediate parameters
[array([[ 3.10236257e+01,  3.12336702e+01,  3.16196241e+01,
         3.17820794e+01,  1.25790832e-02,  3.25370826e-01,
         6.77940818e-01,  1.33282146e+00, -6.53440234e-01,
        -3.46493738e-01, -1.16966634e+00, -4.88737945e-01,
         1.33384968e-02, -1.88721071e-01, -5.69378707e-01,
        -6.13735681e-01,  8.55293108e-01,  6.86211145e-01,
         7.21566586e-01,  7.71517264e-01,  4.91862176e-01,
         7.15335731e-01],
       [ 3.10236257e+01,  3.12336702e+01,  3.16196241e+01,
         3.17820794e+01,  1.25790832e-02,  3.25370826e-01,
         6.77940818e-01,  1.33282146e+00, -6.53440234e-01,
        -3.46493738e-01, -1.16966634e+00, -4.88737945e-01,
         1.33384968e-02, -1.88721071e-01, -5.69378707e-01,
        -6.13735681e-01,  8.55293108e-01,  6.86211145e-01,
         7.21566586e-01,  7.71517264e-01,  4.91862176e-01,
         7.15335731e-01]]), array([-34.22410859, -34.22410859])]
Training finished for round 28
>>>>>>>>>>>>> evaluating on client-side
>>>>>>>>>>>>> printing final parameters
[array([[30.99612682, 31.55091757, 32.03694063, 32.59578177, -1.68355226,
        -1.09119526, -0.36585865,  1.18538584, -0.76096059, -0.06425898,
        -1.83460696, -0.88982792, -0.70679325, -1.34789787, -1.83694687,
        -1.63257888,  0.67803563,  0.46751653,  0.23491977,  0.37441701,
         0.62942456,  1.2271864 ],
       [30.99612682, 31.55091757, 32.03694063, 32.59578177, -1.68355226,
        -1.09119526, -0.36585865,  1.18538584, -0.76096059, -0.06425898,
        -1.83460696, -0.88982792, -0.70679325, -1.34789787, -1.83694687,
        -1.63257888,  0.67803563,  0.46751653,  0.23491977,  0.37441701,
         0.62942456,  1.2271864 ]]), array([-36.21081628, -36.21081628])]
>>>>>>>>>>>>> printing intermediate parameters
[array([[30.99612682, 31.55091757, 32.03694063, 32.59578177, -1.68355226,
        -1.09119526, -0.36585865,  1.18538584, -0.76096059, -0.06425898,
        -1.83460696, -0.88982792, -0.70679325, -1.34789787, -1.83694687,
        -1.63257888,  0.67803563,  0.46751653,  0.23491977,  0.37441701,
         0.62942456,  1.2271864 ],
       [30.99612682, 31.55091757, 32.03694063, 32.59578177, -1.68355226,
        -1.09119526, -0.36585865,  1.18538584, -0.76096059, -0.06425898,
        -1.83460696, -0.88982792, -0.70679325, -1.34789787, -1.83694687,
        -1.63257888,  0.67803563,  0.46751653,  0.23491977,  0.37441701,
         0.62942456,  1.2271864 ]]), array([-36.21081628, -36.21081628])]
Training finished for round 29
>>>>>>>>>>>>> evaluating on client-side
>>>>>>>>>>>>> printing final parameters
DEBUG flwr 2023-11-03 22:34:48,467 | connection.py:139 | gRPC channel closed
INFO flwr 2023-11-03 22:34:48,467 | app.py:215 | Disconnect and shut down
[array([[31.10134814, 31.91515885, 32.41140794, 33.41254524, -2.46051853,
        -1.7641446 , -0.82794127,  1.25893663, -0.9040332 ,  0.08641953,
        -2.00234169, -1.06635258, -1.30524131, -2.25048238, -2.56945229,
        -2.08872326, -0.07433719, -0.39074734, -0.93281957, -0.82296885,
         0.54283875,  1.52447218],
       [31.10134814, 31.91515885, 32.41140794, 33.41254524, -2.46051853,
        -1.7641446 , -0.82794127,  1.25893663, -0.9040332 ,  0.08641953,
        -2.00234169, -1.06635258, -1.30524131, -2.25048238, -2.56945229,
        -2.08872326, -0.07433719, -0.39074734, -0.93281957, -0.82296885,
         0.54283875,  1.52447218]]), array([-37.7685988, -37.7685988])]
>>>>>>>>>>>>> printing intermediate parameters
[array([[31.10134814, 31.91515885, 32.41140794, 33.41254524, -2.46051853,
        -1.7641446 , -0.82794127,  1.25893663, -0.9040332 ,  0.08641953,
        -2.00234169, -1.06635258, -1.30524131, -2.25048238, -2.56945229,
        -2.08872326, -0.07433719, -0.39074734, -0.93281957, -0.82296885,
         0.54283875,  1.52447218],
       [31.10134814, 31.91515885, 32.41140794, 33.41254524, -2.46051853,
        -1.7641446 , -0.82794127,  1.25893663, -0.9040332 ,  0.08641953,
        -2.00234169, -1.06635258, -1.30524131, -2.25048238, -2.56945229,
        -2.08872326, -0.07433719, -0.39074734, -0.93281957, -0.82296885,
         0.54283875,  1.52447218]]), array([-37.7685988, -37.7685988])]
Training finished for round 30
>>>>>>>>>>>>> evaluating on client-side
>>>>>>>>>>>>> printing final parameters
[array([[31.71134606, 32.44968805, 32.84478046, 34.10407835, -2.08828719,
        -1.47750583, -0.68893725,  1.40676372, -0.82072956,  0.18888817,
        -1.60225821, -0.93739436, -1.55772303, -2.4256254 , -2.43541127,
        -1.82622138, -0.92434834, -1.36019609, -2.01218572, -2.03030156,
         0.27418721,  1.48963418],
       [31.71134606, 32.44968805, 32.84478046, 34.10407835, -2.08828719,
        -1.47750583, -0.68893725,  1.40676372, -0.82072956,  0.18888817,
        -1.60225821, -0.93739436, -1.55772303, -2.4256254 , -2.43541127,
        -1.82622138, -0.92434834, -1.36019609, -2.01218572, -2.03030156,
         0.27418721,  1.48963418]]), array([-38.51610414, -38.51610414])]
