INFO flwr 2023-11-03 22:38:47,314 | grpc.py:49 | Opened insecure gRPC connection (no certificates were passed)
DEBUG flwr 2023-11-03 22:38:47,315 | connection.py:42 | ChannelConnectivity.IDLE
DEBUG flwr 2023-11-03 22:38:47,316 | connection.py:42 | ChannelConnectivity.CONNECTING
DEBUG flwr 2023-11-03 22:38:47,317 | connection.py:42 | ChannelConnectivity.READY
===================
['AGE_[41.0, 57.0)', 'AGE_[57.0, 67.0)', 'AGE_[67.0, 78.0)', 'AGE_[78.0, 199.0)', 'PULSE_[68.5, 77.5)', 'PULSE_[77.5, 85.5)', 'PULSE_[85.5, 98.0)', 'PULSE_[98.0, 282.0)', 'RESPIRATION_[16.0, 18.0)', 'RESPIRATION_[18.0, 144.0)', 'BPDIASTOLIC_[62.5, 70.5)', 'BPDIASTOLIC_[70.5, 76.5)', 'BPDIASTOLIC_[76.5, 85.5)', 'BPDIASTOLIC_[85.5, 5898.0)', 'BPSYSTOLIC_[113.5, 126.0)', 'BPSYSTOLIC_[126.0, 137.0)', 'BPSYSTOLIC_[137.0, 153.0)', 'BPSYSTOLIC_[153.0, 1046.0)']
===================
>>>>>>>>>>>>> setting initial parameters
[[0. 0. 0. 0. 0. 0. 0. 0. 0. 0. 0. 0. 0. 0. 0. 0. 0. 0.]
 [0. 0. 0. 0. 0. 0. 0. 0. 0. 0. 0. 0. 0. 0. 0. 0. 0. 0.]]
>>>>>>>>>>>>> printing intermediate parameters
[array([[0., 0., 0., 0., 0., 0., 0., 0., 0., 0., 0., 0., 0., 0., 0., 0.,
        0., 0.],
       [0., 0., 0., 0., 0., 0., 0., 0., 0., 0., 0., 0., 0., 0., 0., 0.,
        0., 0.]]), array([0., 0.])]
Training finished for round 1
>>>>>>>>>>>>> evaluating on client-side
>>>>>>>>>>>>> printing final parameters
[array([[-9.30768909e-03,  2.88880943e-04,  9.94888877e-05,
         2.12173145e-02, -1.19642852e-02, -1.18514637e-02,
        -6.28076625e-03,  1.78184301e-02, -2.11492540e-02,
        -1.46548089e-02, -5.79166190e-03, -1.37183097e-02,
        -1.55187848e-02, -9.97013679e-03, -6.68498738e-03,
        -1.31365004e-02, -1.72381922e-02, -1.61392205e-02],
       [-9.30768909e-03,  2.88880943e-04,  9.94888877e-05,
         2.12173145e-02, -1.19642852e-02, -1.18514637e-02,
        -6.28076625e-03,  1.78184301e-02, -2.11492540e-02,
        -1.46548089e-02, -5.79166190e-03, -1.37183097e-02,
        -1.55187848e-02, -9.97013679e-03, -6.68498738e-03,
        -1.31365004e-02, -1.72381922e-02, -1.61392205e-02]]), array([-0.05099637, -0.05099637])]
>>>>>>>>>>>>> printing intermediate parameters
[array([[-9.30768909e-03,  2.88880943e-04,  9.94888877e-05,
         2.12173145e-02, -1.19642852e-02, -1.18514637e-02,
        -6.28076625e-03,  1.78184301e-02, -2.11492540e-02,
        -1.46548089e-02, -5.79166190e-03, -1.37183097e-02,
        -1.55187848e-02, -9.97013679e-03, -6.68498738e-03,
        -1.31365004e-02, -1.72381922e-02, -1.61392205e-02],
       [-9.30768909e-03,  2.88880943e-04,  9.94888877e-05,
         2.12173145e-02, -1.19642852e-02, -1.18514637e-02,
        -6.28076625e-03,  1.78184301e-02, -2.11492540e-02,
        -1.46548089e-02, -5.79166190e-03, -1.37183097e-02,
        -1.55187848e-02, -9.97013679e-03, -6.68498738e-03,
        -1.31365004e-02, -1.72381922e-02, -1.61392205e-02]]), array([-0.05099637, -0.05099637])]
Training finished for round 2
>>>>>>>>>>>>> evaluating on client-side
>>>>>>>>>>>>> printing final parameters
[array([[-0.01793744,  0.00173428,  0.00139063,  0.04319486, -0.02352135,
        -0.02322916, -0.01179812,  0.03579927, -0.04133983, -0.02927532,
        -0.01147907, -0.02736208, -0.03096756, -0.01967423, -0.01328661,
        -0.02626248, -0.0347409 , -0.03258944],
       [-0.01793744,  0.00173428,  0.00139063,  0.04319486, -0.02352135,
        -0.02322916, -0.01179812,  0.03579927, -0.04133983, -0.02927532,
        -0.01147907, -0.02736208, -0.03096756, -0.01967423, -0.01328661,
        -0.02626248, -0.0347409 , -0.03258944]]), array([-0.10191268, -0.10191268])]
>>>>>>>>>>>>> printing intermediate parameters
[array([[-0.01793744,  0.00173428,  0.00139063,  0.04319486, -0.02352135,
        -0.02322916, -0.01179812,  0.03579927, -0.04133983, -0.02927532,
        -0.01147907, -0.02736208, -0.03096756, -0.01967423, -0.01328661,
        -0.02626248, -0.0347409 , -0.03258944],
       [-0.01793744,  0.00173428,  0.00139063,  0.04319486, -0.02352135,
        -0.02322916, -0.01179812,  0.03579927, -0.04133983, -0.02927532,
        -0.01147907, -0.02736208, -0.03096756, -0.01967423, -0.01328661,
        -0.02626248, -0.0347409 , -0.03258944]]), array([-0.10191268, -0.10191268])]
Training finished for round 3
>>>>>>>>>>>>> evaluating on client-side
>>>>>>>>>>>>> printing final parameters
[array([[-0.02582002,  0.00437796,  0.00396742,  0.06582852, -0.03459276,
        -0.03402983, -0.016465  ,  0.05383687, -0.06050402, -0.04373208,
        -0.01703817, -0.04085721, -0.04626275, -0.02905106, -0.01978278,
        -0.03930151, -0.05241823, -0.04927128],
       [-0.02582002,  0.00437796,  0.00396742,  0.06582852, -0.03459276,
        -0.03402983, -0.016465  ,  0.05383687, -0.06050402, -0.04373208,
        -0.01703817, -0.04085721, -0.04626275, -0.02905106, -0.01978278,
        -0.03930151, -0.05241823, -0.04927128]]), array([-0.15252865, -0.15252865])]
>>>>>>>>>>>>> printing intermediate parameters
[array([[-0.02582002,  0.00437796,  0.00396742,  0.06582852, -0.03459276,
        -0.03402983, -0.016465  ,  0.05383687, -0.06050402, -0.04373208,
        -0.01703817, -0.04085721, -0.04626275, -0.02905106, -0.01978278,
        -0.03930151, -0.05241823, -0.04927128],
       [-0.02582002,  0.00437796,  0.00396742,  0.06582852, -0.03459276,
        -0.03402983, -0.016465  ,  0.05383687, -0.06050402, -0.04373208,
        -0.01703817, -0.04085721, -0.04626275, -0.02905106, -0.01978278,
        -0.03930151, -0.05241823, -0.04927128]]), array([-0.15252865, -0.15252865])]
Training finished for round 4
>>>>>>>>>>>>> evaluating on client-side
>>>>>>>>>>>>> printing final parameters
[array([[-0.03299289,  0.00809138,  0.00772093,  0.08895716, -0.04518839,
        -0.04425684, -0.02034079,  0.07185292, -0.07880207, -0.05790594,
        -0.02246888, -0.05416792, -0.06136181, -0.03809526, -0.02618766,
        -0.05221949, -0.07018432, -0.06609806],
       [-0.03299289,  0.00809138,  0.00772093,  0.08895716, -0.04518839,
        -0.04425684, -0.02034079,  0.07185292, -0.07880207, -0.05790594,
        -0.02246888, -0.05416792, -0.06136181, -0.03809526, -0.02618766,
        -0.05221949, -0.07018432, -0.06609806]]), array([-0.20278619, -0.20278619])]
>>>>>>>>>>>>> printing intermediate parameters
[array([[-0.03299289,  0.00809138,  0.00772093,  0.08895716, -0.04518839,
        -0.04425684, -0.02034079,  0.07185292, -0.07880207, -0.05790594,
        -0.02246888, -0.05416792, -0.06136181, -0.03809526, -0.02618766,
        -0.05221949, -0.07018432, -0.06609806],
       [-0.03299289,  0.00809138,  0.00772093,  0.08895716, -0.04518839,
        -0.04425684, -0.02034079,  0.07185292, -0.07880207, -0.05790594,
        -0.02246888, -0.05416792, -0.06136181, -0.03809526, -0.02618766,
        -0.05221949, -0.07018432, -0.06609806]]), array([-0.20278619, -0.20278619])]
Training finished for round 5
>>>>>>>>>>>>> evaluating on client-side
>>>>>>>>>>>>> printing final parameters
[array([[-0.03957918,  0.01263767,  0.01238637,  0.11244288, -0.05540254,
        -0.05402165, -0.02360768,  0.08983636, -0.09655248, -0.07174335,
        -0.02779449, -0.06731347, -0.07628332, -0.04685899, -0.03254755,
        -0.06504502, -0.08800062, -0.08301905],
       [-0.03957918,  0.01263767,  0.01238637,  0.11244288, -0.05540254,
        -0.05402165, -0.02360768,  0.08983636, -0.09655248, -0.07174335,
        -0.02779449, -0.06731347, -0.07628332, -0.04685899, -0.03254755,
        -0.06504502, -0.08800062, -0.08301905]]), array([-0.25283082, -0.25283082])]
>>>>>>>>>>>>> printing intermediate parameters
[array([[-0.03957918,  0.01263767,  0.01238637,  0.11244288, -0.05540254,
        -0.05402165, -0.02360768,  0.08983636, -0.09655248, -0.07174335,
        -0.02779449, -0.06731347, -0.07628332, -0.04685899, -0.03254755,
        -0.06504502, -0.08800062, -0.08301905],
       [-0.03957918,  0.01263767,  0.01238637,  0.11244288, -0.05540254,
        -0.05402165, -0.02360768,  0.08983636, -0.09655248, -0.07174335,
        -0.02779449, -0.06731347, -0.07628332, -0.04685899, -0.03254755,
        -0.06504502, -0.08800062, -0.08301905]]), array([-0.25283082, -0.25283082])]
Training finished for round 6
>>>>>>>>>>>>> evaluating on client-side
>>>>>>>>>>>>> printing final parameters
[array([[-0.04572304,  0.01778873,  0.01769248,  0.13622222, -0.0653578 ,
        -0.06347095, -0.02646606,  0.10783215, -0.11406392, -0.08527965,
        -0.03305036, -0.08035162, -0.09108906, -0.05542331, -0.03891644,
        -0.07784492, -0.1058827 , -0.10003464],
       [-0.04572304,  0.01778873,  0.01769248,  0.13622222, -0.0653578 ,
        -0.06347095, -0.02646606,  0.10783215, -0.11406392, -0.08527965,
        -0.03305036, -0.08035162, -0.09108906, -0.05542331, -0.03891644,
        -0.07784492, -0.1058827 , -0.10003464]]), array([-0.30291822, -0.30291822])]
>>>>>>>>>>>>> printing intermediate parameters
[array([[-0.04572304,  0.01778873,  0.01769248,  0.13622222, -0.0653578 ,
        -0.06347095, -0.02646606,  0.10783215, -0.11406392, -0.08527965,
        -0.03305036, -0.08035162, -0.09108906, -0.05542331, -0.03891644,
        -0.07784492, -0.1058827 , -0.10003464],
       [-0.04572304,  0.01778873,  0.01769248,  0.13622222, -0.0653578 ,
        -0.06347095, -0.02646606,  0.10783215, -0.11406392, -0.08527965,
        -0.03305036, -0.08035162, -0.09108906, -0.05542331, -0.03891644,
        -0.07784492, -0.1058827 , -0.10003464]]), array([-0.30291822, -0.30291822])]
Training finished for round 7
>>>>>>>>>>>>> evaluating on client-side
>>>>>>>>>>>>> printing final parameters
[array([[-0.05152018,  0.02342149,  0.02349609,  0.16029782, -0.07513642,
        -0.0726952 , -0.02902846,  0.1258898 , -0.13150352, -0.09860151,
        -0.03826799, -0.09333984, -0.10584007, -0.06385606, -0.04533203,
        -0.09067688, -0.1238691 , -0.11717446],
       [-0.05152018,  0.02342149,  0.02349609,  0.16029782, -0.07513642,
        -0.0726952 , -0.02902846,  0.1258898 , -0.13150352, -0.09860151,
        -0.03826799, -0.09333984, -0.10584007, -0.06385606, -0.04533203,
        -0.09067688, -0.1238691 , -0.11717446]]), array([-0.35326671, -0.35326671])]
>>>>>>>>>>>>> printing intermediate parameters
[array([[-0.05152018,  0.02342149,  0.02349609,  0.16029782, -0.07513642,
        -0.0726952 , -0.02902846,  0.1258898 , -0.13150352, -0.09860151,
        -0.03826799, -0.09333984, -0.10584007, -0.06385606, -0.04533203,
        -0.09067688, -0.1238691 , -0.11717446],
       [-0.05152018,  0.02342149,  0.02349609,  0.16029782, -0.07513642,
        -0.0726952 , -0.02902846,  0.1258898 , -0.13150352, -0.09860151,
        -0.03826799, -0.09333984, -0.10584007, -0.06385606, -0.04533203,
        -0.09067688, -0.1238691 , -0.11717446]]), array([-0.35326671, -0.35326671])]
Training finished for round 8
>>>>>>>>>>>>> evaluating on client-side
>>>>>>>>>>>>> printing final parameters
[array([[-0.05696448,  0.02957494,  0.02984604,  0.18470277, -0.08473091,
        -0.08166486, -0.03125715,  0.1440073 , -0.14885739, -0.11177813,
        -0.04346142, -0.10629853, -0.12055527, -0.07217557, -0.05180669,
        -0.10355331, -0.14198485, -0.13446489],
       [-0.05696448,  0.02957494,  0.02984604,  0.18470277, -0.08473091,
        -0.08166486, -0.03125715,  0.1440073 , -0.14885739, -0.11177813,
        -0.04346142, -0.10629853, -0.12055527, -0.07217557, -0.05180669,
        -0.10355331, -0.14198485, -0.13446489]]), array([-0.40396241, -0.40396241])]
>>>>>>>>>>>>> printing intermediate parameters
[array([[-0.05696448,  0.02957494,  0.02984604,  0.18470277, -0.08473091,
        -0.08166486, -0.03125715,  0.1440073 , -0.14885739, -0.11177813,
        -0.04346142, -0.10629853, -0.12055527, -0.07217557, -0.05180669,
        -0.10355331, -0.14198485, -0.13446489],
       [-0.05696448,  0.02957494,  0.02984604,  0.18470277, -0.08473091,
        -0.08166486, -0.03125715,  0.1440073 , -0.14885739, -0.11177813,
        -0.04346142, -0.10629853, -0.12055527, -0.07217557, -0.05180669,
        -0.10355331, -0.14198485, -0.13446489]]), array([-0.40396241, -0.40396241])]
Training finished for round 9
>>>>>>>>>>>>> evaluating on client-side
>>>>>>>>>>>>> printing final parameters
[array([[-0.06190541,  0.03649426,  0.03699409,  0.20946317, -0.09400953,
        -0.09018596, -0.03292983,  0.16207788, -0.1659616 , -0.12479178,
        -0.04861874, -0.11918502, -0.13518213, -0.08032621, -0.05833321,
        -0.11642255, -0.16021362, -0.15189952],
       [-0.06190541,  0.03649426,  0.03699409,  0.20946317, -0.09400953,
        -0.09018596, -0.03292983,  0.16207788, -0.1659616 , -0.12479178,
        -0.04861874, -0.11918502, -0.13518213, -0.08032621, -0.05833321,
        -0.11642255, -0.16021362, -0.15189952]]), array([-0.45494212, -0.45494212])]
>>>>>>>>>>>>> printing intermediate parameters
[array([[-0.06190541,  0.03649426,  0.03699409,  0.20946317, -0.09400953,
        -0.09018596, -0.03292983,  0.16207788, -0.1659616 , -0.12479178,
        -0.04861874, -0.11918502, -0.13518213, -0.08032621, -0.05833321,
        -0.11642255, -0.16021362, -0.15189952],
       [-0.06190541,  0.03649426,  0.03699409,  0.20946317, -0.09400953,
        -0.09018596, -0.03292983,  0.16207788, -0.1659616 , -0.12479178,
        -0.04861874, -0.11918502, -0.13518213, -0.08032621, -0.05833321,
        -0.11642255, -0.16021362, -0.15189952]]), array([-0.45494212, -0.45494212])]
Training finished for round 10
>>>>>>>>>>>>> evaluating on client-side
>>>>>>>>>>>>> printing final parameters
[array([[-0.06596458,  0.04473109,  0.04536275,  0.23456151, -0.10265318,
        -0.09781553, -0.03358484,  0.17981757, -0.1826332 , -0.13738083,
        -0.05368835, -0.13185613, -0.14955153, -0.08814281, -0.06490494,
        -0.12914699, -0.17845263, -0.16938331],
       [-0.06596458,  0.04473109,  0.04536275,  0.23456151, -0.10265318,
        -0.09781553, -0.03358484,  0.17981757, -0.1826332 , -0.13738083,
        -0.05368835, -0.13185613, -0.14955153, -0.08814281, -0.06490494,
        -0.12914699, -0.17845263, -0.16938331]]), array([-0.50602274, -0.50602274])]
>>>>>>>>>>>>> printing intermediate parameters
[array([[-0.06596458,  0.04473109,  0.04536275,  0.23456151, -0.10265318,
        -0.09781553, -0.03358484,  0.17981757, -0.1826332 , -0.13738083,
        -0.05368835, -0.13185613, -0.14955153, -0.08814281, -0.06490494,
        -0.12914699, -0.17845263, -0.16938331],
       [-0.06596458,  0.04473109,  0.04536275,  0.23456151, -0.10265318,
        -0.09781553, -0.03358484,  0.17981757, -0.1826332 , -0.13738083,
        -0.05368835, -0.13185613, -0.14955153, -0.08814281, -0.06490494,
        -0.12914699, -0.17845263, -0.16938331]]), array([-0.50602274, -0.50602274])]
Training finished for round 11
>>>>>>>>>>>>> evaluating on client-side
>>>>>>>>>>>>> printing final parameters
[array([[-0.06853898,  0.05504118,  0.05530567,  0.25990823, -0.11015709,
        -0.10389001, -0.03262865,  0.19683497, -0.19883448, -0.14882984,
        -0.0585555 , -0.14402793, -0.16332567, -0.09533135, -0.07149824,
        -0.14147751, -0.19642313, -0.18663755],
       [-0.06853898,  0.05504118,  0.05530567,  0.25990823, -0.11015709,
        -0.10389001, -0.03262865,  0.19683497, -0.19883448, -0.14882984,
        -0.0585555 , -0.14402793, -0.16332567, -0.09533135, -0.07149824,
        -0.14147751, -0.19642313, -0.18663755]]), array([-0.55675012, -0.55675012])]
>>>>>>>>>>>>> printing intermediate parameters
[array([[-0.06853898,  0.05504118,  0.05530567,  0.25990823, -0.11015709,
        -0.10389001, -0.03262865,  0.19683497, -0.19883448, -0.14882984,
        -0.0585555 , -0.14402793, -0.16332567, -0.09533135, -0.07149824,
        -0.14147751, -0.19642313, -0.18663755],
       [-0.06853898,  0.05504118,  0.05530567,  0.25990823, -0.11015709,
        -0.10389001, -0.03262865,  0.19683497, -0.19883448, -0.14882984,
        -0.0585555 , -0.14402793, -0.16332567, -0.09533135, -0.07149824,
        -0.14147751, -0.19642313, -0.18663755]]), array([-0.55675012, -0.55675012])]
Training finished for round 12
>>>>>>>>>>>>> evaluating on client-side
>>>>>>>>>>>>> printing final parameters
[array([[-0.07068774,  0.06573362,  0.06577793,  0.28567471, -0.11754337,
        -0.10999615, -0.03160365,  0.21400895, -0.21426585, -0.16080194,
        -0.06340237, -0.1561771 , -0.17708326, -0.1023706 , -0.07813026,
        -0.15398571, -0.21471073, -0.20427129],
       [-0.07068774,  0.06573362,  0.06577793,  0.28567471, -0.11754337,
        -0.10999615, -0.03160365,  0.21400895, -0.21426585, -0.16080194,
        -0.06340237, -0.1561771 , -0.17708326, -0.1023706 , -0.07813026,
        -0.15398571, -0.21471073, -0.20427129]]), array([-0.60792535, -0.60792535])]
>>>>>>>>>>>>> printing intermediate parameters
[array([[-0.07068774,  0.06573362,  0.06577793,  0.28567471, -0.11754337,
        -0.10999615, -0.03160365,  0.21400895, -0.21426585, -0.16080194,
        -0.06340237, -0.1561771 , -0.17708326, -0.1023706 , -0.07813026,
        -0.15398571, -0.21471073, -0.20427129],
       [-0.07068774,  0.06573362,  0.06577793,  0.28567471, -0.11754337,
        -0.10999615, -0.03160365,  0.21400895, -0.21426585, -0.16080194,
        -0.06340237, -0.1561771 , -0.17708326, -0.1023706 , -0.07813026,
        -0.15398571, -0.21471073, -0.20427129]]), array([-0.60792535, -0.60792535])]
Training finished for round 13
>>>>>>>>>>>>> evaluating on client-side
>>>>>>>>>>>>> printing final parameters
[array([[-0.07261454,  0.07647954,  0.0765227 ,  0.31184334, -0.12502098,
        -0.11643921, -0.03081258,  0.23143539, -0.22905209, -0.17345807,
        -0.06826117, -0.16837164, -0.19091123, -0.1093285 , -0.08483551,
        -0.16678303, -0.23340537, -0.22236698],
       [-0.07261454,  0.07647954,  0.0765227 ,  0.31184334, -0.12502098,
        -0.11643921, -0.03081258,  0.23143539, -0.22905209, -0.17345807,
        -0.06826117, -0.16837164, -0.19091123, -0.1093285 , -0.08483551,
        -0.16678303, -0.23340537, -0.22236698]]), array([-0.65974168, -0.65974168])]
>>>>>>>>>>>>> printing intermediate parameters
[array([[-0.07261454,  0.07647954,  0.0765227 ,  0.31184334, -0.12502098,
        -0.11643921, -0.03081258,  0.23143539, -0.22905209, -0.17345807,
        -0.06826117, -0.16837164, -0.19091123, -0.1093285 , -0.08483551,
        -0.16678303, -0.23340537, -0.22236698],
       [-0.07261454,  0.07647954,  0.0765227 ,  0.31184334, -0.12502098,
        -0.11643921, -0.03081258,  0.23143539, -0.22905209, -0.17345807,
        -0.06826117, -0.16837164, -0.19091123, -0.1093285 , -0.08483551,
        -0.16678303, -0.23340537, -0.22236698]]), array([-0.65974168, -0.65974168])]
Training finished for round 14
>>>>>>>>>>>>> evaluating on client-side
>>>>>>>>>>>>> printing final parameters
[array([[-0.07381398,  0.08809845,  0.08804   ,  0.33839031, -0.13207918,
        -0.12241451, -0.02949803,  0.24873691, -0.24331687, -0.18604999,
        -0.07304361, -0.1803935 , -0.20453641, -0.11599587, -0.09158966,
        -0.17958188, -0.25221069, -0.24062201],
       [-0.07381398,  0.08809845,  0.08804   ,  0.33839031, -0.13207918,
        -0.12241451, -0.02949803,  0.24873691, -0.24331687, -0.18604999,
        -0.07304361, -0.1803935 , -0.20453641, -0.11599587, -0.09158966,
        -0.17958188, -0.25221069, -0.24062201]]), array([-0.71182436, -0.71182436])]
>>>>>>>>>>>>> printing intermediate parameters
[array([[-0.07381398,  0.08809845,  0.08804   ,  0.33839031, -0.13207918,
        -0.12241451, -0.02949803,  0.24873691, -0.24331687, -0.18604999,
        -0.07304361, -0.1803935 , -0.20453641, -0.11599587, -0.09158966,
        -0.17958188, -0.25221069, -0.24062201],
       [-0.07381398,  0.08809845,  0.08804   ,  0.33839031, -0.13207918,
        -0.12241451, -0.02949803,  0.24873691, -0.24331687, -0.18604999,
        -0.07304361, -0.1803935 , -0.20453641, -0.11599587, -0.09158966,
        -0.17958188, -0.25221069, -0.24062201]]), array([-0.71182436, -0.71182436])]
Training finished for round 15
>>>>>>>>>>>>> evaluating on client-side
>>>>>>>>>>>>> printing final parameters
[array([[-0.07353256,  0.10160627,  0.10064869,  0.36519909, -0.13797963,
        -0.12690189, -0.0268454 ,  0.26542134, -0.25715923, -0.1975538 ,
        -0.07759162, -0.19186469, -0.21749134, -0.12203074, -0.09833998,
        -0.19196942, -0.27061578, -0.25851447],
       [-0.07353256,  0.10160627,  0.10064869,  0.36519909, -0.13797963,
        -0.12690189, -0.0268454 ,  0.26542134, -0.25715923, -0.1975538 ,
        -0.07759162, -0.19186469, -0.21749134, -0.12203074, -0.09833998,
        -0.19196942, -0.27061578, -0.25851447]]), array([-0.763501, -0.763501])]
>>>>>>>>>>>>> printing intermediate parameters
[array([[-0.07353256,  0.10160627,  0.10064869,  0.36519909, -0.13797963,
        -0.12690189, -0.0268454 ,  0.26542134, -0.25715923, -0.1975538 ,
        -0.07759162, -0.19186469, -0.21749134, -0.12203074, -0.09833998,
        -0.19196942, -0.27061578, -0.25851447],
       [-0.07353256,  0.10160627,  0.10064869,  0.36519909, -0.13797963,
        -0.12690189, -0.0268454 ,  0.26542134, -0.25715923, -0.1975538 ,
        -0.07759162, -0.19186469, -0.21749134, -0.12203074, -0.09833998,
        -0.19196942, -0.27061578, -0.25851447]]), array([-0.763501, -0.763501])]
Training finished for round 16
>>>>>>>>>>>>> evaluating on client-side
>>>>>>>>>>>>> printing final parameters
[array([[-0.07219451,  0.11618037,  0.11369055,  0.39215065, -0.14309384,
        -0.13049836, -0.02353887,  0.28174179, -0.27070564, -0.20802416,
        -0.08190541, -0.20279869, -0.22981348, -0.12749154, -0.10504646,
        -0.20402267, -0.28858398, -0.27601183],
       [-0.07219451,  0.11618037,  0.11369055,  0.39215065, -0.14309384,
        -0.13049836, -0.02353887,  0.28174179, -0.27070564, -0.20802416,
        -0.08190541, -0.20279869, -0.22981348, -0.12749154, -0.10504646,
        -0.20402267, -0.28858398, -0.27601183]]), array([-0.81452135, -0.81452135])]
>>>>>>>>>>>>> printing intermediate parameters
[array([[-0.07219451,  0.11618037,  0.11369055,  0.39215065, -0.14309384,
        -0.13049836, -0.02353887,  0.28174179, -0.27070564, -0.20802416,
        -0.08190541, -0.20279869, -0.22981348, -0.12749154, -0.10504646,
        -0.20402267, -0.28858398, -0.27601183],
       [-0.07219451,  0.11618037,  0.11369055,  0.39215065, -0.14309384,
        -0.13049836, -0.02353887,  0.28174179, -0.27070564, -0.20802416,
        -0.08190541, -0.20279869, -0.22981348, -0.12749154, -0.10504646,
        -0.20402267, -0.28858398, -0.27601183]]), array([-0.81452135, -0.81452135])]
Training finished for round 17
>>>>>>>>>>>>> evaluating on client-side
>>>>>>>>>>>>> printing final parameters
[array([[-0.07093414,  0.13021897,  0.12693775,  0.41934778, -0.14860386,
        -0.13484624, -0.0208094 ,  0.29832631, -0.28374755, -0.21900517,
        -0.08617691, -0.21374404, -0.24222928, -0.1328681 , -0.11177858,
        -0.21639544, -0.30697946, -0.29398679],
       [-0.07093414,  0.13021897,  0.12693775,  0.41934778, -0.14860386,
        -0.13484624, -0.0208094 ,  0.29832631, -0.28374755, -0.21900517,
        -0.08617691, -0.21374404, -0.24222928, -0.1328681 , -0.11177858,
        -0.21639544, -0.30697946, -0.29398679]]), array([-0.86599186, -0.86599186])]
>>>>>>>>>>>>> printing intermediate parameters
[array([[-0.07093414,  0.13021897,  0.12693775,  0.41934778, -0.14860386,
        -0.13484624, -0.0208094 ,  0.29832631, -0.28374755, -0.21900517,
        -0.08617691, -0.21374404, -0.24222928, -0.1328681 , -0.11177858,
        -0.21639544, -0.30697946, -0.29398679],
       [-0.07093414,  0.13021897,  0.12693775,  0.41934778, -0.14860386,
        -0.13484624, -0.0208094 ,  0.29832631, -0.28374755, -0.21900517,
        -0.08617691, -0.21374404, -0.24222928, -0.1328681 , -0.11177858,
        -0.21639544, -0.30697946, -0.29398679]]), array([-0.86599186, -0.86599186])]
Training finished for round 18
>>>>>>>>>>>>> evaluating on client-side
>>>>>>>>>>>>> printing final parameters
[array([[-0.06906809,  0.14446734,  0.14057785,  0.44651443, -0.15385952,
        -0.13910016, -0.01804105,  0.31466993, -0.29626697, -0.22955108,
        -0.0902476 , -0.22428726, -0.25423892, -0.13780453, -0.11847028,
        -0.22868507, -0.32526844, -0.31190242],
       [-0.06906809,  0.14446734,  0.14057785,  0.44651443, -0.15385952,
        -0.13910016, -0.01804105,  0.31466993, -0.29626697, -0.22955108,
        -0.0902476 , -0.22428726, -0.25423892, -0.13780453, -0.11847028,
        -0.22868507, -0.32526844, -0.31190242]]), array([-0.91705293, -0.91705293])]
>>>>>>>>>>>>> printing intermediate parameters
[array([[-0.06906809,  0.14446734,  0.14057785,  0.44651443, -0.15385952,
        -0.13910016, -0.01804105,  0.31466993, -0.29626697, -0.22955108,
        -0.0902476 , -0.22428726, -0.25423892, -0.13780453, -0.11847028,
        -0.22868507, -0.32526844, -0.31190242],
       [-0.06906809,  0.14446734,  0.14057785,  0.44651443, -0.15385952,
        -0.13910016, -0.01804105,  0.31466993, -0.29626697, -0.22955108,
        -0.0902476 , -0.22428726, -0.25423892, -0.13780453, -0.11847028,
        -0.22868507, -0.32526844, -0.31190242]]), array([-0.91705293, -0.91705293])]
Training finished for round 19
>>>>>>>>>>>>> evaluating on client-side
>>>>>>>>>>>>> printing final parameters
[array([[-0.06642837,  0.15916413,  0.15461663,  0.47361818, -0.15865986,
        -0.1429464 , -0.01502891,  0.33066505, -0.30837501, -0.2394172 ,
        -0.09409401, -0.23434236, -0.2657208 , -0.1422501 , -0.12512176,
        -0.24077128, -0.3432713 , -0.32957304],
       [-0.06642837,  0.15916413,  0.15461663,  0.47361818, -0.15865986,
        -0.1429464 , -0.01502891,  0.33066505, -0.30837501, -0.2394172 ,
        -0.09409401, -0.23434236, -0.2657208 , -0.1422501 , -0.12512176,
        -0.24077128, -0.3432713 , -0.32957304]]), array([-0.96758153, -0.96758153])]
>>>>>>>>>>>>> printing intermediate parameters
[array([[-0.06642837,  0.15916413,  0.15461663,  0.47361818, -0.15865986,
        -0.1429464 , -0.01502891,  0.33066505, -0.30837501, -0.2394172 ,
        -0.09409401, -0.23434236, -0.2657208 , -0.1422501 , -0.12512176,
        -0.24077128, -0.3432713 , -0.32957304],
       [-0.06642837,  0.15916413,  0.15461663,  0.47361818, -0.15865986,
        -0.1429464 , -0.01502891,  0.33066505, -0.30837501, -0.2394172 ,
        -0.09409401, -0.23434236, -0.2657208 , -0.1422501 , -0.12512176,
        -0.24077128, -0.3432713 , -0.32957304]]), array([-0.96758153, -0.96758153])]
Training finished for round 20
>>>>>>>>>>>>> evaluating on client-side
>>>>>>>>>>>>> printing final parameters
[array([[-0.0630694 ,  0.17433754,  0.16897382,  0.50076505, -0.16301309,
        -0.14633224, -0.01176075,  0.34641345, -0.32024626, -0.24866101,
        -0.09774614, -0.2439799 , -0.27673531, -0.14628993, -0.13175877,
        -0.2526771 , -0.36099474, -0.34699596],
       [-0.0630694 ,  0.17433754,  0.16897382,  0.50076505, -0.16301309,
        -0.14633224, -0.01176075,  0.34641345, -0.32024626, -0.24866101,
        -0.09774614, -0.2439799 , -0.27673531, -0.14628993, -0.13175877,
        -0.2526771 , -0.36099474, -0.34699596]]), array([-1.01780245, -1.01780245])]
>>>>>>>>>>>>> printing intermediate parameters
[array([[-0.0630694 ,  0.17433754,  0.16897382,  0.50076505, -0.16301309,
        -0.14633224, -0.01176075,  0.34641345, -0.32024626, -0.24866101,
        -0.09774614, -0.2439799 , -0.27673531, -0.14628993, -0.13175877,
        -0.2526771 , -0.36099474, -0.34699596],
       [-0.0630694 ,  0.17433754,  0.16897382,  0.50076505, -0.16301309,
        -0.14633224, -0.01176075,  0.34641345, -0.32024626, -0.24866101,
        -0.09774614, -0.2439799 , -0.27673531, -0.14628993, -0.13175877,
        -0.2526771 , -0.36099474, -0.34699596]]), array([-1.01780245, -1.01780245])]
Training finished for round 21
>>>>>>>>>>>>> evaluating on client-side
>>>>>>>>>>>>> printing final parameters
[array([[-0.05904496,  0.19002617,  0.18357918,  0.52808507, -0.16693768,
        -0.14923148, -0.00823533,  0.36204165, -0.33202986, -0.25735794,
        -0.1012324 , -0.25328137, -0.28735615, -0.15000716, -0.13840225,
        -0.26443829, -0.37847239, -0.36419733],
       [-0.05904496,  0.19002617,  0.18357918,  0.52808507, -0.16693768,
        -0.14923148, -0.00823533,  0.36204165, -0.33202986, -0.25735794,
        -0.1012324 , -0.25328137, -0.28735615, -0.15000716, -0.13840225,
        -0.26443829, -0.37847239, -0.36419733]]), array([-1.06794982, -1.06794982])]
>>>>>>>>>>>>> printing intermediate parameters
[array([[-0.05904496,  0.19002617,  0.18357918,  0.52808507, -0.16693768,
        -0.14923148, -0.00823533,  0.36204165, -0.33202986, -0.25735794,
        -0.1012324 , -0.25328137, -0.28735615, -0.15000716, -0.13840225,
        -0.26443829, -0.37847239, -0.36419733],
       [-0.05904496,  0.19002617,  0.18357918,  0.52808507, -0.16693768,
        -0.14923148, -0.00823533,  0.36204165, -0.33202986, -0.25735794,
        -0.1012324 , -0.25328137, -0.28735615, -0.15000716, -0.13840225,
        -0.26443829, -0.37847239, -0.36419733]]), array([-1.06794982, -1.06794982])]
Training finished for round 22
>>>>>>>>>>>>> evaluating on client-side
>>>>>>>>>>>>> printing final parameters
[array([[-0.05435434,  0.20630783,  0.19839832,  0.55565808, -0.17040619,
        -0.15158627, -0.00442462,  0.37763023, -0.34377529, -0.26554435,
        -0.10456128, -0.26228671, -0.2976116 , -0.15344052, -0.14504822,
        -0.27605486, -0.39570115, -0.38117314],
       [-0.05435434,  0.20630783,  0.19839832,  0.55565808, -0.17040619,
        -0.15158627, -0.00442462,  0.37763023, -0.34377529, -0.26554435,
        -0.10456128, -0.26228671, -0.2976116 , -0.15344052, -0.14504822,
        -0.27605486, -0.39570115, -0.38117314]]), array([-1.11810914, -1.11810914])]
>>>>>>>>>>>>> printing intermediate parameters
[array([[-0.05435434,  0.20630783,  0.19839832,  0.55565808, -0.17040619,
        -0.15158627, -0.00442462,  0.37763023, -0.34377529, -0.26554435,
        -0.10456128, -0.26228671, -0.2976116 , -0.15344052, -0.14504822,
        -0.27605486, -0.39570115, -0.38117314],
       [-0.05435434,  0.20630783,  0.19839832,  0.55565808, -0.17040619,
        -0.15158627, -0.00442462,  0.37763023, -0.34377529, -0.26554435,
        -0.10456128, -0.26228671, -0.2976116 , -0.15344052, -0.14504822,
        -0.27605486, -0.39570115, -0.38117314]]), array([-1.11810914, -1.11810914])]
Training finished for round 23
>>>>>>>>>>>>> evaluating on client-side
>>>>>>>>>>>>> printing final parameters
[array([[-4.89825770e-02,  2.23221107e-01,  2.13428581e-01,
         5.83499459e-01, -1.73384406e-01, -1.53369287e-01,
        -3.30357255e-04,  3.93239791e-01, -3.55385684e-01,
        -2.73318871e-01, -1.07730092e-01, -2.71012023e-01,
        -3.07506969e-01, -1.56606351e-01, -1.51665948e-01,
        -2.87516382e-01, -4.12665163e-01, -3.97915370e-01],
       [-4.89825770e-02,  2.23221107e-01,  2.13428581e-01,
         5.83499459e-01, -1.73384406e-01, -1.53369287e-01,
        -3.30357255e-04,  3.93239791e-01, -3.55385684e-01,
        -2.73318871e-01, -1.07730092e-01, -2.71012023e-01,
        -3.07506969e-01, -1.56606351e-01, -1.51665948e-01,
        -2.87516382e-01, -4.12665163e-01, -3.97915370e-01]]), array([-1.16825129, -1.16825129])]
>>>>>>>>>>>>> printing intermediate parameters
[array([[-4.89825770e-02,  2.23221107e-01,  2.13428581e-01,
         5.83499459e-01, -1.73384406e-01, -1.53369287e-01,
        -3.30357255e-04,  3.93239791e-01, -3.55385684e-01,
        -2.73318871e-01, -1.07730092e-01, -2.71012023e-01,
        -3.07506969e-01, -1.56606351e-01, -1.51665948e-01,
        -2.87516382e-01, -4.12665163e-01, -3.97915370e-01],
       [-4.89825770e-02,  2.23221107e-01,  2.13428581e-01,
         5.83499459e-01, -1.73384406e-01, -1.53369287e-01,
        -3.30357255e-04,  3.93239791e-01, -3.55385684e-01,
        -2.73318871e-01, -1.07730092e-01, -2.71012023e-01,
        -3.07506969e-01, -1.56606351e-01, -1.51665948e-01,
        -2.87516382e-01, -4.12665163e-01, -3.97915370e-01]]), array([-1.16825129, -1.16825129])]
Training finished for round 24
>>>>>>>>>>>>> evaluating on client-side
>>>>>>>>>>>>> printing final parameters
[array([[-0.04291906,  0.24071766,  0.22870754,  0.61158506, -0.17586868,
        -0.15464019,  0.00396317,  0.40896266, -0.36661487, -0.28094829,
        -0.11073848, -0.27948001, -0.31705773, -0.15952495, -0.15821381,
        -0.29884754, -0.42938063, -0.41445516],
       [-0.04291906,  0.24071766,  0.22870754,  0.61158506, -0.17586868,
        -0.15464019,  0.00396317,  0.40896266, -0.36661487, -0.28094829,
        -0.11073848, -0.27948001, -0.31705773, -0.15952495, -0.15821381,
        -0.29884754, -0.42938063, -0.41445516]]), array([-1.21837024, -1.21837024])]
>>>>>>>>>>>>> printing intermediate parameters
[array([[-0.04291906,  0.24071766,  0.22870754,  0.61158506, -0.17586868,
        -0.15464019,  0.00396317,  0.40896266, -0.36661487, -0.28094829,
        -0.11073848, -0.27948001, -0.31705773, -0.15952495, -0.15821381,
        -0.29884754, -0.42938063, -0.41445516],
       [-0.04291906,  0.24071766,  0.22870754,  0.61158506, -0.17586868,
        -0.15464019,  0.00396317,  0.40896266, -0.36661487, -0.28094829,
        -0.11073848, -0.27948001, -0.31705773, -0.15952495, -0.15821381,
        -0.29884754, -0.42938063, -0.41445516]]), array([-1.21837024, -1.21837024])]
Training finished for round 25
>>>>>>>>>>>>> evaluating on client-side
>>>>>>>>>>>>> printing final parameters
[array([[-0.03599547,  0.25882688,  0.24425782,  0.63982234, -0.17772206,
        -0.15536034,  0.00835856,  0.42489866, -0.37703127, -0.28875245,
        -0.11354479, -0.2876395 , -0.32617872, -0.16215623, -0.16460979,
        -0.31002155, -0.44574306, -0.43070513],
       [-0.03599547,  0.25882688,  0.24425782,  0.63982234, -0.17772206,
        -0.15536034,  0.00835856,  0.42489866, -0.37703127, -0.28875245,
        -0.11354479, -0.2876395 , -0.32617872, -0.16215623, -0.16460979,
        -0.31002155, -0.44574306, -0.43070513]]), array([-1.26832298, -1.26832298])]
>>>>>>>>>>>>> printing intermediate parameters
[array([[-0.03599547,  0.25882688,  0.24425782,  0.63982234, -0.17772206,
        -0.15536034,  0.00835856,  0.42489866, -0.37703127, -0.28875245,
        -0.11354479, -0.2876395 , -0.32617872, -0.16215623, -0.16460979,
        -0.31002155, -0.44574306, -0.43070513],
       [-0.03599547,  0.25882688,  0.24425782,  0.63982234, -0.17772206,
        -0.15536034,  0.00835856,  0.42489866, -0.37703127, -0.28875245,
        -0.11354479, -0.2876395 , -0.32617872, -0.16215623, -0.16460979,
        -0.31002155, -0.44574306, -0.43070513]]), array([-1.26832298, -1.26832298])]
Training finished for round 26
>>>>>>>>>>>>> evaluating on client-side
>>>>>>>>>>>>> printing final parameters
[array([[-0.0279768 ,  0.27753568,  0.26007004,  0.66789506, -0.17866508,
        -0.15534511,  0.01278879,  0.44105709, -0.38605646, -0.29693181,
        -0.11605678, -0.2953272 , -0.33463955, -0.16440078, -0.17068354,
        -0.32085673, -0.4614041 , -0.44634058],
       [-0.0279768 ,  0.27753568,  0.26007004,  0.66789506, -0.17866508,
        -0.15534511,  0.01278879,  0.44105709, -0.38605646, -0.29693181,
        -0.11605678, -0.2953272 , -0.33463955, -0.16440078, -0.17068354,
        -0.32085673, -0.4614041 , -0.44634058]]), array([-1.31745688, -1.31745688])]
>>>>>>>>>>>>> printing intermediate parameters
[array([[-0.0279768 ,  0.27753568,  0.26007004,  0.66789506, -0.17866508,
        -0.15534511,  0.01278879,  0.44105709, -0.38605646, -0.29693181,
        -0.11605678, -0.2953272 , -0.33463955, -0.16440078, -0.17068354,
        -0.32085673, -0.4614041 , -0.44634058],
       [-0.0279768 ,  0.27753568,  0.26007004,  0.66789506, -0.17866508,
        -0.15534511,  0.01278879,  0.44105709, -0.38605646, -0.29693181,
        -0.11605678, -0.2953272 , -0.33463955, -0.16440078, -0.17068354,
        -0.32085673, -0.4614041 , -0.44634058]]), array([-1.31745688, -1.31745688])]
Training finished for round 27
>>>>>>>>>>>>> evaluating on client-side
>>>>>>>>>>>>> printing final parameters
[array([[-0.01916952,  0.29656805,  0.27630185,  0.69560478, -0.1789261 ,
        -0.1547526 ,  0.01734852,  0.45714976, -0.39408953, -0.30519571,
        -0.11835257, -0.30260224, -0.34255033, -0.16632854, -0.17650634,
        -0.33136642, -0.47648689, -0.46146898],
       [-0.01916952,  0.29656805,  0.27630185,  0.69560478, -0.1789261 ,
        -0.1547526 ,  0.01734852,  0.45714976, -0.39408953, -0.30519571,
        -0.11835257, -0.30260224, -0.34255033, -0.16632854, -0.17650634,
        -0.33136642, -0.47648689, -0.46146898]]), array([-1.36576327, -1.36576327])]
>>>>>>>>>>>>> printing intermediate parameters
[array([[-0.01916952,  0.29656805,  0.27630185,  0.69560478, -0.1789261 ,
        -0.1547526 ,  0.01734852,  0.45714976, -0.39408953, -0.30519571,
        -0.11835257, -0.30260224, -0.34255033, -0.16632854, -0.17650634,
        -0.33136642, -0.47648689, -0.46146898],
       [-0.01916952,  0.29656805,  0.27630185,  0.69560478, -0.1789261 ,
        -0.1547526 ,  0.01734852,  0.45714976, -0.39408953, -0.30519571,
        -0.11835257, -0.30260224, -0.34255033, -0.16632854, -0.17650634,
        -0.33136642, -0.47648689, -0.46146898]]), array([-1.36576327, -1.36576327])]
Training finished for round 28
>>>>>>>>>>>>> evaluating on client-side
>>>>>>>>>>>>> printing final parameters
[array([[-0.00985683,  0.31584293,  0.29300276,  0.72326364, -0.17890989,
        -0.15394407,  0.0220119 ,  0.47310919, -0.40190434, -0.31321227,
        -0.12055017, -0.30963082, -0.35017912, -0.16802478, -0.18231745,
        -0.34181263, -0.49146673, -0.47653278],
       [-0.00985683,  0.31584293,  0.29300276,  0.72326364, -0.17890989,
        -0.15394407,  0.0220119 ,  0.47310919, -0.40190434, -0.31321227,
        -0.12055017, -0.30963082, -0.35017912, -0.16802478, -0.18231745,
        -0.34181263, -0.49146673, -0.47653278]]), array([-1.41411053, -1.41411053])]
>>>>>>>>>>>>> printing intermediate parameters
[array([[-0.00985683,  0.31584293,  0.29300276,  0.72326364, -0.17890989,
        -0.15394407,  0.0220119 ,  0.47310919, -0.40190434, -0.31321227,
        -0.12055017, -0.30963082, -0.35017912, -0.16802478, -0.18231745,
        -0.34181263, -0.49146673, -0.47653278],
       [-0.00985683,  0.31584293,  0.29300276,  0.72326364, -0.17890989,
        -0.15394407,  0.0220119 ,  0.47310919, -0.40190434, -0.31321227,
        -0.12055017, -0.30963082, -0.35017912, -0.16802478, -0.18231745,
        -0.34181263, -0.49146673, -0.47653278]]), array([-1.41411053, -1.41411053])]
Training finished for round 29
>>>>>>>>>>>>> evaluating on client-side
>>>>>>>>>>>>> printing final parameters
[array([[-4.75436790e-04,  3.35291840e-01,  3.10336701e-01,
         7.51323735e-01, -1.79193007e-01, -1.53323912e-01,
         2.69252679e-02,  4.88669245e-01, -4.10464145e-01,
        -3.20536840e-01, -1.22834367e-01, -3.16634944e-01,
        -3.57882488e-01, -1.69590894e-01, -1.88466624e-01,
        -3.52517334e-01, -5.07012457e-01, -4.92168742e-01],
       [-4.75436790e-04,  3.35291840e-01,  3.10336701e-01,
         7.51323735e-01, -1.79193007e-01, -1.53323912e-01,
         2.69252679e-02,  4.88669245e-01, -4.10464145e-01,
        -3.20536840e-01, -1.22834367e-01, -3.16634944e-01,
        -3.57882488e-01, -1.69590894e-01, -1.88466624e-01,
        -3.52517334e-01, -5.07012457e-01, -4.92168742e-01]]), array([-1.4635685, -1.4635685])]
>>>>>>>>>>>>> printing intermediate parameters
[array([[-4.75436790e-04,  3.35291840e-01,  3.10336701e-01,
         7.51323735e-01, -1.79193007e-01, -1.53323912e-01,
         2.69252679e-02,  4.88669245e-01, -4.10464145e-01,
        -3.20536840e-01, -1.22834367e-01, -3.16634944e-01,
        -3.57882488e-01, -1.69590894e-01, -1.88466624e-01,
        -3.52517334e-01, -5.07012457e-01, -4.92168742e-01],
       [-4.75436790e-04,  3.35291840e-01,  3.10336701e-01,
         7.51323735e-01, -1.79193007e-01, -1.53323912e-01,
         2.69252679e-02,  4.88669245e-01, -4.10464145e-01,
        -3.20536840e-01, -1.22834367e-01, -3.16634944e-01,
        -3.57882488e-01, -1.69590894e-01, -1.88466624e-01,
        -3.52517334e-01, -5.07012457e-01, -4.92168742e-01]]), array([-1.4635685, -1.4635685])]
Training finished for round 30
>>>>>>>>>>>>> evaluating on client-side
>>>>>>>>>>>>> printing final parameters
DEBUG flwr 2023-11-03 22:38:52,855 | connection.py:139 | gRPC channel closed
INFO flwr 2023-11-03 22:38:52,856 | app.py:215 | Disconnect and shut down
[array([[ 0.00886825,  0.35462658,  0.32828586,  0.77949779, -0.17979789,
        -0.15282707,  0.0321641 ,  0.50347152, -0.4195085 , -0.32702909,
        -0.12519077, -0.32346024, -0.36548151, -0.17094062, -0.1948965 ,
        -0.36329372, -0.52290718, -0.5081921 ],
       [ 0.00886825,  0.35462658,  0.32828586,  0.77949779, -0.17979789,
        -0.15282707,  0.0321641 ,  0.50347152, -0.4195085 , -0.32702909,
        -0.12519077, -0.32346024, -0.36548151, -0.17094062, -0.1948965 ,
        -0.36329372, -0.52290718, -0.5081921 ]]), array([-1.51334734, -1.51334734])]
