INFO flwr 2023-11-03 22:39:03,008 | grpc.py:49 | Opened insecure gRPC connection (no certificates were passed)
DEBUG flwr 2023-11-03 22:39:03,009 | connection.py:42 | ChannelConnectivity.IDLE
DEBUG flwr 2023-11-03 22:39:03,011 | connection.py:42 | ChannelConnectivity.CONNECTING
DEBUG flwr 2023-11-03 22:39:03,011 | connection.py:42 | ChannelConnectivity.READY
===================
['AGE_[41.0, 57.0)', 'AGE_[57.0, 67.0)', 'AGE_[67.0, 78.0)', 'AGE_[78.0, 199.0)', 'PULSE_[68.5, 77.5)', 'PULSE_[77.5, 85.5)', 'PULSE_[85.5, 98.0)', 'PULSE_[98.0, 282.0)', 'RESPIRATION_[16.0, 18.0)', 'RESPIRATION_[18.0, 144.0)', 'SAO2_[97.0, 98.5)', 'SAO2_[98.5, 200.0)', 'BPDIASTOLIC_[62.5, 70.5)', 'BPDIASTOLIC_[70.5, 76.5)', 'BPDIASTOLIC_[76.5, 85.5)', 'BPDIASTOLIC_[85.5, 5898.0)', 'BPSYSTOLIC_[113.5, 126.0)', 'BPSYSTOLIC_[126.0, 137.0)', 'BPSYSTOLIC_[137.0, 153.0)', 'BPSYSTOLIC_[153.0, 1046.0)']
===================
>>>>>>>>>>>>> setting initial parameters
[[0. 0. 0. 0. 0. 0. 0. 0. 0. 0. 0. 0. 0. 0. 0. 0. 0. 0. 0. 0.]
 [0. 0. 0. 0. 0. 0. 0. 0. 0. 0. 0. 0. 0. 0. 0. 0. 0. 0. 0. 0.]]
>>>>>>>>>>>>> printing intermediate parameters
[array([[0., 0., 0., 0., 0., 0., 0., 0., 0., 0., 0., 0., 0., 0., 0., 0.,
        0., 0., 0., 0.],
       [0., 0., 0., 0., 0., 0., 0., 0., 0., 0., 0., 0., 0., 0., 0., 0.,
        0., 0., 0., 0.]]), array([0., 0.])]
Training finished for round 1
>>>>>>>>>>>>> evaluating on client-side
>>>>>>>>>>>>> printing final parameters
[array([[-0.00978842, -0.00166317, -0.00224081,  0.020102  , -0.01318955,
        -0.01314158, -0.00746449,  0.0199792 , -0.02277801, -0.01543533,
        -0.02345188, -0.02211831, -0.00576576, -0.01411908, -0.01680075,
        -0.01076443, -0.00703035, -0.01427825, -0.01898479, -0.01733147],
       [-0.00978842, -0.00166317, -0.00224081,  0.020102  , -0.01318955,
        -0.01314158, -0.00746449,  0.0199792 , -0.02277801, -0.01543533,
        -0.02345188, -0.02211831, -0.00576576, -0.01411908, -0.01680075,
        -0.01076443, -0.00703035, -0.01427825, -0.01898479, -0.01733147]]), array([-0.04939683, -0.04939683])]
>>>>>>>>>>>>> printing intermediate parameters
[array([[-0.00978842, -0.00166317, -0.00224081,  0.020102  , -0.01318955,
        -0.01314158, -0.00746449,  0.0199792 , -0.02277801, -0.01543533,
        -0.02345188, -0.02211831, -0.00576576, -0.01411908, -0.01680075,
        -0.01076443, -0.00703035, -0.01427825, -0.01898479, -0.01733147],
       [-0.00978842, -0.00166317, -0.00224081,  0.020102  , -0.01318955,
        -0.01314158, -0.00746449,  0.0199792 , -0.02277801, -0.01543533,
        -0.02345188, -0.02211831, -0.00576576, -0.01411908, -0.01680075,
        -0.01076443, -0.00703035, -0.01427825, -0.01898479, -0.01733147]]), array([-0.04939683, -0.04939683])]
Training finished for round 2
>>>>>>>>>>>>> evaluating on client-side
>>>>>>>>>>>>> printing final parameters
[array([[-0.01895549, -0.00208615, -0.00320787,  0.04128789, -0.02609344,
        -0.02594128, -0.01413612,  0.0403831 , -0.04466992, -0.03121054,
        -0.0469127 , -0.04353913, -0.01152149, -0.0283739 , -0.03377581,
        -0.0213748 , -0.01413177, -0.02879117, -0.03860768, -0.03528925],
       [-0.01895549, -0.00208615, -0.00320787,  0.04128789, -0.02609344,
        -0.02594128, -0.01413612,  0.0403831 , -0.04466992, -0.03121054,
        -0.0469127 , -0.04353913, -0.01152149, -0.0283739 , -0.03377581,
        -0.0213748 , -0.01413177, -0.02879117, -0.03860768, -0.03528925]]), array([-0.09905734, -0.09905734])]
>>>>>>>>>>>>> printing intermediate parameters
[array([[-0.01895549, -0.00208615, -0.00320787,  0.04128789, -0.02609344,
        -0.02594128, -0.01413612,  0.0403831 , -0.04466992, -0.03121054,
        -0.0469127 , -0.04353913, -0.01152149, -0.0283739 , -0.03377581,
        -0.0213748 , -0.01413177, -0.02879117, -0.03860768, -0.03528925],
       [-0.01895549, -0.00208615, -0.00320787,  0.04128789, -0.02609344,
        -0.02594128, -0.01413612,  0.0403831 , -0.04466992, -0.03121054,
        -0.0469127 , -0.04353913, -0.01152149, -0.0283739 , -0.03377581,
        -0.0213748 , -0.01413177, -0.02879117, -0.03860768, -0.03528925]]), array([-0.09905734, -0.09905734])]
Training finished for round 3
>>>>>>>>>>>>> evaluating on client-side
>>>>>>>>>>>>> printing final parameters
[array([[-0.02736814, -0.00109687, -0.00262007,  0.06352933, -0.03856654,
        -0.03820013, -0.01979072,  0.06106637, -0.06549155, -0.04716248,
        -0.07015483, -0.06396644, -0.01724914, -0.04268181, -0.05081588,
        -0.03173449, -0.02127486, -0.04343578, -0.05877728, -0.05380969],
       [-0.02736814, -0.00109687, -0.00262007,  0.06352933, -0.03856654,
        -0.03820013, -0.01979072,  0.06106637, -0.06549155, -0.04716248,
        -0.07015483, -0.06396644, -0.01724914, -0.04268181, -0.05081588,
        -0.03173449, -0.02127486, -0.04343578, -0.05877728, -0.05380969]]), array([-0.14867284, -0.14867284])]
>>>>>>>>>>>>> printing intermediate parameters
[array([[-0.02736814, -0.00109687, -0.00262007,  0.06352933, -0.03856654,
        -0.03820013, -0.01979072,  0.06106637, -0.06549155, -0.04716248,
        -0.07015483, -0.06396644, -0.01724914, -0.04268181, -0.05081588,
        -0.03173449, -0.02127486, -0.04343578, -0.05877728, -0.05380969],
       [-0.02736814, -0.00109687, -0.00262007,  0.06352933, -0.03856654,
        -0.03820013, -0.01979072,  0.06106637, -0.06549155, -0.04716248,
        -0.07015483, -0.06396644, -0.01724914, -0.04268181, -0.05081588,
        -0.03173449, -0.02127486, -0.04343578, -0.05877728, -0.05380969]]), array([-0.14867284, -0.14867284])]
Training finished for round 4
>>>>>>>>>>>>> evaluating on client-side
>>>>>>>>>>>>> printing final parameters
[array([[-0.03505829,  0.00116814, -0.00056298,  0.08663528, -0.05058887,
        -0.04987249, -0.02446514,  0.08188108, -0.08544644, -0.06305445,
        -0.09304085, -0.08342963, -0.02294837, -0.05697581, -0.06782827,
        -0.04181724, -0.02846056, -0.05812809, -0.07932894, -0.07274916],
       [-0.03505829,  0.00116814, -0.00056298,  0.08663528, -0.05058887,
        -0.04987249, -0.02446514,  0.08188108, -0.08544644, -0.06305445,
        -0.09304085, -0.08342963, -0.02294837, -0.05697581, -0.06782827,
        -0.04181724, -0.02846056, -0.05812809, -0.07932894, -0.07274916]]), array([-0.19813399, -0.19813399])]
>>>>>>>>>>>>> printing intermediate parameters
[array([[-0.03505829,  0.00116814, -0.00056298,  0.08663528, -0.05058887,
        -0.04987249, -0.02446514,  0.08188108, -0.08544644, -0.06305445,
        -0.09304085, -0.08342963, -0.02294837, -0.05697581, -0.06782827,
        -0.04181724, -0.02846056, -0.05812809, -0.07932894, -0.07274916],
       [-0.03505829,  0.00116814, -0.00056298,  0.08663528, -0.05058887,
        -0.04987249, -0.02446514,  0.08188108, -0.08544644, -0.06305445,
        -0.09304085, -0.08342963, -0.02294837, -0.05697581, -0.06782827,
        -0.04181724, -0.02846056, -0.05812809, -0.07932894, -0.07274916]]), array([-0.19813399, -0.19813399])]
Training finished for round 5
>>>>>>>>>>>>> evaluating on client-side
>>>>>>>>>>>>> printing final parameters
[array([[-0.04218061,  0.00437653,  0.00256661,  0.11040275, -0.06227784,
        -0.06110525, -0.02843925,  0.10279   , -0.10498465, -0.0787474 ,
        -0.11563269, -0.10226885, -0.02863304, -0.07124902, -0.08480116,
        -0.05167905, -0.03572711, -0.07287504, -0.10015332, -0.09199622],
       [-0.04218061,  0.00437653,  0.00256661,  0.11040275, -0.06227784,
        -0.06110525, -0.02843925,  0.10279   , -0.10498465, -0.0787474 ,
        -0.11563269, -0.10226885, -0.02863304, -0.07124902, -0.08480116,
        -0.05167905, -0.03572711, -0.07287504, -0.10015332, -0.09199622]]), array([-0.24764055, -0.24764055])]
>>>>>>>>>>>>> printing intermediate parameters
[array([[-0.04218061,  0.00437653,  0.00256661,  0.11040275, -0.06227784,
        -0.06110525, -0.02843925,  0.10279   , -0.10498465, -0.0787474 ,
        -0.11563269, -0.10226885, -0.02863304, -0.07124902, -0.08480116,
        -0.05167905, -0.03572711, -0.07287504, -0.10015332, -0.09199622],
       [-0.04218061,  0.00437653,  0.00256661,  0.11040275, -0.06227784,
        -0.06110525, -0.02843925,  0.10279   , -0.10498465, -0.0787474 ,
        -0.11563269, -0.10226885, -0.02863304, -0.07124902, -0.08480116,
        -0.05167905, -0.03572711, -0.07287504, -0.10015332, -0.09199622]]), array([-0.24764055, -0.24764055])]
Training finished for round 6
>>>>>>>>>>>>> evaluating on client-side
>>>>>>>>>>>>> printing final parameters
[array([[-0.04885935,  0.00830381,  0.00647439,  0.1347511 , -0.07375102,
        -0.07204579, -0.03193713,  0.12383455, -0.12440739, -0.09428234,
        -0.13806662, -0.12078975, -0.03432742, -0.08554294, -0.10178182,
        -0.06139676, -0.04311821, -0.08773774, -0.12124937, -0.11153984],
       [-0.04885935,  0.00830381,  0.00647439,  0.1347511 , -0.07375102,
        -0.07204579, -0.03193713,  0.12383455, -0.12440739, -0.09428234,
        -0.13806662, -0.12078975, -0.03432742, -0.08554294, -0.10178182,
        -0.06139676, -0.04311821, -0.08773774, -0.12124937, -0.11153984]]), array([-0.29748725, -0.29748725])]
>>>>>>>>>>>>> printing intermediate parameters
[array([[-0.04885935,  0.00830381,  0.00647439,  0.1347511 , -0.07375102,
        -0.07204579, -0.03193713,  0.12383455, -0.12440739, -0.09428234,
        -0.13806662, -0.12078975, -0.03432742, -0.08554294, -0.10178182,
        -0.06139676, -0.04311821, -0.08773774, -0.12124937, -0.11153984],
       [-0.04885935,  0.00830381,  0.00647439,  0.1347511 , -0.07375102,
        -0.07204579, -0.03193713,  0.12383455, -0.12440739, -0.09428234,
        -0.13806662, -0.12078975, -0.03432742, -0.08554294, -0.10178182,
        -0.06139676, -0.04311821, -0.08773774, -0.12124937, -0.11153984]]), array([-0.29748725, -0.29748725])]
Training finished for round 7
>>>>>>>>>>>>> evaluating on client-side
>>>>>>>>>>>>> printing final parameters
[array([[-0.05503788,  0.01307049,  0.01130595,  0.15972566, -0.0849636 ,
        -0.08261063, -0.03484558,  0.14498073, -0.14364175, -0.10976497,
        -0.1603065 , -0.1389583 , -0.04005553, -0.09988091, -0.11878175,
        -0.07097513, -0.05065974, -0.10273448, -0.14265883, -0.13142739],
       [-0.05503788,  0.01307049,  0.01130595,  0.15972566, -0.0849636 ,
        -0.08261063, -0.03484558,  0.14498073, -0.14364175, -0.10976497,
        -0.1603065 , -0.1389583 , -0.04005553, -0.09988091, -0.11878175,
        -0.07097513, -0.05065974, -0.10273448, -0.14265883, -0.13142739]]), array([-0.34778347, -0.34778347])]
>>>>>>>>>>>>> printing intermediate parameters
[array([[-0.05503788,  0.01307049,  0.01130595,  0.15972566, -0.0849636 ,
        -0.08261063, -0.03484558,  0.14498073, -0.14364175, -0.10976497,
        -0.1603065 , -0.1389583 , -0.04005553, -0.09988091, -0.11878175,
        -0.07097513, -0.05065974, -0.10273448, -0.14265883, -0.13142739],
       [-0.05503788,  0.01307049,  0.01130595,  0.15972566, -0.0849636 ,
        -0.08261063, -0.03484558,  0.14498073, -0.14364175, -0.10976497,
        -0.1603065 , -0.1389583 , -0.04005553, -0.09988091, -0.11878175,
        -0.07097513, -0.05065974, -0.10273448, -0.14265883, -0.13142739]]), array([-0.34778347, -0.34778347])]
Training finished for round 8
>>>>>>>>>>>>> evaluating on client-side
>>>>>>>>>>>>> printing final parameters
[array([[-0.06035506,  0.01930386,  0.01773989,  0.18542597, -0.09558061,
        -0.09230858, -0.03655452,  0.16593125, -0.1623224 , -0.12516949,
        -0.18189709, -0.15634181, -0.04583232, -0.11420309, -0.13568167,
        -0.08027662, -0.05838748, -0.1177709 , -0.16436662, -0.15166636],
       [-0.06035506,  0.01930386,  0.01773989,  0.18542597, -0.09558061,
        -0.09230858, -0.03655452,  0.16593125, -0.1623224 , -0.12516949,
        -0.18189709, -0.15634181, -0.04583232, -0.11420309, -0.13568167,
        -0.08027662, -0.05838748, -0.1177709 , -0.16436662, -0.15166636]]), array([-0.39841179, -0.39841179])]
>>>>>>>>>>>>> printing intermediate parameters
[array([[-0.06035506,  0.01930386,  0.01773989,  0.18542597, -0.09558061,
        -0.09230858, -0.03655452,  0.16593125, -0.1623224 , -0.12516949,
        -0.18189709, -0.15634181, -0.04583232, -0.11420309, -0.13568167,
        -0.08027662, -0.05838748, -0.1177709 , -0.16436662, -0.15166636],
       [-0.06035506,  0.01930386,  0.01773989,  0.18542597, -0.09558061,
        -0.09230858, -0.03655452,  0.16593125, -0.1623224 , -0.12516949,
        -0.18189709, -0.15634181, -0.04583232, -0.11420309, -0.13568167,
        -0.08027662, -0.05838748, -0.1177709 , -0.16436662, -0.15166636]]), array([-0.39841179, -0.39841179])]
Training finished for round 9
>>>>>>>>>>>>> evaluating on client-side
>>>>>>>>>>>>> printing final parameters
[array([[-0.0637589 ,  0.02860026,  0.0268755 ,  0.21194386, -0.10461405,
        -0.09977106, -0.03564353,  0.18586141, -0.18041703, -0.13942663,
        -0.20123999, -0.17218629, -0.05158496, -0.12816686, -0.15193856,
        -0.08882078, -0.06642582, -0.1324536 , -0.1859496 , -0.17183444],
       [-0.0637589 ,  0.02860026,  0.0268755 ,  0.21194386, -0.10461405,
        -0.09977106, -0.03564353,  0.18586141, -0.18041703, -0.13942663,
        -0.20123999, -0.17218629, -0.05158496, -0.12816686, -0.15193856,
        -0.08882078, -0.06642582, -0.1324536 , -0.1859496 , -0.17183444]]), array([-0.44896428, -0.44896428])]
>>>>>>>>>>>>> printing intermediate parameters
[array([[-0.0637589 ,  0.02860026,  0.0268755 ,  0.21194386, -0.10461405,
        -0.09977106, -0.03564353,  0.18586141, -0.18041703, -0.13942663,
        -0.20123999, -0.17218629, -0.05158496, -0.12816686, -0.15193856,
        -0.08882078, -0.06642582, -0.1324536 , -0.1859496 , -0.17183444],
       [-0.0637589 ,  0.02860026,  0.0268755 ,  0.21194386, -0.10461405,
        -0.09977106, -0.03564353,  0.18586141, -0.18041703, -0.13942663,
        -0.20123999, -0.17218629, -0.05158496, -0.12816686, -0.15193856,
        -0.08882078, -0.06642582, -0.1324536 , -0.1859496 , -0.17183444]]), array([-0.44896428, -0.44896428])]
Training finished for round 10
>>>>>>>>>>>>> evaluating on client-side
>>>>>>>>>>>>> printing final parameters
[array([[-0.06673021,  0.03830716,  0.03663058,  0.2390496 , -0.1136932 ,
        -0.10753179, -0.0348188 ,  0.20605248, -0.19762258, -0.15484313,
        -0.22121512, -0.18787517, -0.0573909 , -0.14225513, -0.16840884,
        -0.09729198, -0.07462729, -0.14759525, -0.20828273, -0.19280016],
       [-0.06673021,  0.03830716,  0.03663058,  0.2390496 , -0.1136932 ,
        -0.10753179, -0.0348188 ,  0.20605248, -0.19762258, -0.15484313,
        -0.22121512, -0.18787517, -0.0573909 , -0.14225513, -0.16840884,
        -0.09729198, -0.07462729, -0.14759525, -0.20828273, -0.19280016]]), array([-0.50049774, -0.50049774])]
>>>>>>>>>>>>> printing intermediate parameters
[array([[-0.06673021,  0.03830716,  0.03663058,  0.2390496 , -0.1136932 ,
        -0.10753179, -0.0348188 ,  0.20605248, -0.19762258, -0.15484313,
        -0.22121512, -0.18787517, -0.0573909 , -0.14225513, -0.16840884,
        -0.09729198, -0.07462729, -0.14759525, -0.20828273, -0.19280016],
       [-0.06673021,  0.03830716,  0.03663058,  0.2390496 , -0.1136932 ,
        -0.10753179, -0.0348188 ,  0.20605248, -0.19762258, -0.15484313,
        -0.22121512, -0.18787517, -0.0573909 , -0.14225513, -0.16840884,
        -0.09729198, -0.07462729, -0.14759525, -0.20828273, -0.19280016]]), array([-0.50049774, -0.50049774])]
Training finished for round 11
>>>>>>>>>>>>> evaluating on client-side
>>>>>>>>>>>>> printing final parameters
[array([[-0.06930133,  0.04837522,  0.04691213,  0.2667595 , -0.1228045 ,
        -0.11551374, -0.03405125,  0.22651877, -0.21431794, -0.17091559,
        -0.24168627, -0.20347494, -0.06322371, -0.15640763, -0.1850061 ,
        -0.10564742, -0.08298856, -0.16311298, -0.23120494, -0.21439586],
       [-0.06930133,  0.04837522,  0.04691213,  0.2667595 , -0.1228045 ,
        -0.11551374, -0.03405125,  0.22651877, -0.21431794, -0.17091559,
        -0.24168627, -0.20347494, -0.06322371, -0.15640763, -0.1850061 ,
        -0.10564742, -0.08298856, -0.16311298, -0.23120494, -0.21439586]]), array([-0.55284109, -0.55284109])]
>>>>>>>>>>>>> printing intermediate parameters
[array([[-0.06930133,  0.04837522,  0.04691213,  0.2667595 , -0.1228045 ,
        -0.11551374, -0.03405125,  0.22651877, -0.21431794, -0.17091559,
        -0.24168627, -0.20347494, -0.06322371, -0.15640763, -0.1850061 ,
        -0.10564742, -0.08298856, -0.16311298, -0.23120494, -0.21439586],
       [-0.06930133,  0.04837522,  0.04691213,  0.2667595 , -0.1228045 ,
        -0.11551374, -0.03405125,  0.22651877, -0.21431794, -0.17091559,
        -0.24168627, -0.20347494, -0.06322371, -0.15640763, -0.1850061 ,
        -0.10564742, -0.08298856, -0.16311298, -0.23120494, -0.21439586]]), array([-0.55284109, -0.55284109])]
Training finished for round 12
>>>>>>>>>>>>> evaluating on client-side
>>>>>>>>>>>>> printing final parameters
[array([[-0.07031572,  0.06064186,  0.05882032,  0.2952123 , -0.1307494 ,
        -0.12203432, -0.03172011,  0.24643442, -0.23060786, -0.18628567,
        -0.26059744, -0.21819307, -0.06893864, -0.1702318 , -0.20108711,
        -0.11339015, -0.09157317, -0.1784646 , -0.25407821, -0.23597665],
       [-0.07031572,  0.06064186,  0.05882032,  0.2952123 , -0.1307494 ,
        -0.12203432, -0.03172011,  0.24643442, -0.23060786, -0.18628567,
        -0.26059744, -0.21819307, -0.06893864, -0.1702318 , -0.20108711,
        -0.11339015, -0.09157317, -0.1784646 , -0.25407821, -0.23597665]]), array([-0.60548802, -0.60548802])]
>>>>>>>>>>>>> printing intermediate parameters
[array([[-0.07031572,  0.06064186,  0.05882032,  0.2952123 , -0.1307494 ,
        -0.12203432, -0.03172011,  0.24643442, -0.23060786, -0.18628567,
        -0.26059744, -0.21819307, -0.06893864, -0.1702318 , -0.20108711,
        -0.11339015, -0.09157317, -0.1784646 , -0.25407821, -0.23597665],
       [-0.07031572,  0.06064186,  0.05882032,  0.2952123 , -0.1307494 ,
        -0.12203432, -0.03172011,  0.24643442, -0.23060786, -0.18628567,
        -0.26059744, -0.21819307, -0.06893864, -0.1702318 , -0.20108711,
        -0.11339015, -0.09157317, -0.1784646 , -0.25407821, -0.23597665]]), array([-0.60548802, -0.60548802])]
Training finished for round 13
>>>>>>>>>>>>> evaluating on client-side
>>>>>>>>>>>>> printing final parameters
[array([[-0.06988306,  0.07456311,  0.07171777,  0.32424039, -0.1376091 ,
        -0.12734381, -0.02833196,  0.26594043, -0.24660859, -0.20021184,
        -0.27797781, -0.23197441, -0.07436451, -0.18342628, -0.21636036,
        -0.12032911, -0.10019787, -0.19342616, -0.27649122, -0.25716599],
       [-0.06988306,  0.07456311,  0.07171777,  0.32424039, -0.1376091 ,
        -0.12734381, -0.02833196,  0.26594043, -0.24660859, -0.20021184,
        -0.27797781, -0.23197441, -0.07436451, -0.18342628, -0.21636036,
        -0.12032911, -0.10019787, -0.19342616, -0.27649122, -0.25716599]]), array([-0.65746499, -0.65746499])]
>>>>>>>>>>>>> printing intermediate parameters
[array([[-0.06988306,  0.07456311,  0.07171777,  0.32424039, -0.1376091 ,
        -0.12734381, -0.02833196,  0.26594043, -0.24660859, -0.20021184,
        -0.27797781, -0.23197441, -0.07436451, -0.18342628, -0.21636036,
        -0.12032911, -0.10019787, -0.19342616, -0.27649122, -0.25716599],
       [-0.06988306,  0.07456311,  0.07171777,  0.32424039, -0.1376091 ,
        -0.12734381, -0.02833196,  0.26594043, -0.24660859, -0.20021184,
        -0.27797781, -0.23197441, -0.07436451, -0.18342628, -0.21636036,
        -0.12032911, -0.10019787, -0.19342616, -0.27649122, -0.25716599]]), array([-0.65746499, -0.65746499])]
Training finished for round 14
>>>>>>>>>>>>> evaluating on client-side
>>>>>>>>>>>>> printing final parameters
[array([[-0.06933033,  0.08803201,  0.08469626,  0.35367451, -0.14496951,
        -0.13366556, -0.02580549,  0.28578148, -0.26220385, -0.21462999,
        -0.2965222 , -0.24576478, -0.07965998, -0.19653629, -0.23178111,
        -0.12708108, -0.10891344, -0.20887994, -0.29961138, -0.27907628],
       [-0.06933033,  0.08803201,  0.08469626,  0.35367451, -0.14496951,
        -0.13366556, -0.02580549,  0.28578148, -0.26220385, -0.21462999,
        -0.2965222 , -0.24576478, -0.07965998, -0.19653629, -0.23178111,
        -0.12708108, -0.10891344, -0.20887994, -0.29961138, -0.27907628]]), array([-0.71002262, -0.71002262])]
>>>>>>>>>>>>> printing intermediate parameters
[array([[-0.06933033,  0.08803201,  0.08469626,  0.35367451, -0.14496951,
        -0.13366556, -0.02580549,  0.28578148, -0.26220385, -0.21462999,
        -0.2965222 , -0.24576478, -0.07965998, -0.19653629, -0.23178111,
        -0.12708108, -0.10891344, -0.20887994, -0.29961138, -0.27907628],
       [-0.06933033,  0.08803201,  0.08469626,  0.35367451, -0.14496951,
        -0.13366556, -0.02580549,  0.28578148, -0.26220385, -0.21462999,
        -0.2965222 , -0.24576478, -0.07965998, -0.19653629, -0.23178111,
        -0.12708108, -0.10891344, -0.20887994, -0.29961138, -0.27907628]]), array([-0.71002262, -0.71002262])]
Training finished for round 15
>>>>>>>>>>>>> evaluating on client-side
>>>>>>>>>>>>> printing final parameters
[array([[-0.06796734,  0.10210524,  0.09823067,  0.38343617, -0.15196631,
        -0.1397326 , -0.02310496,  0.30543814, -0.27756186, -0.2284713 ,
        -0.3146433 , -0.25909545, -0.08473961, -0.20924085, -0.24678285,
        -0.13334056, -0.11769105, -0.22430845, -0.32270228, -0.30100773],
       [-0.06796734,  0.10210524,  0.09823067,  0.38343617, -0.15196631,
        -0.1397326 , -0.02310496,  0.30543814, -0.27756186, -0.2284713 ,
        -0.3146433 , -0.25909545, -0.08473961, -0.20924085, -0.24678285,
        -0.13334056, -0.11769105, -0.22430845, -0.32270228, -0.30100773]]), array([-0.76254915, -0.76254915])]
>>>>>>>>>>>>> printing intermediate parameters
[array([[-0.06796734,  0.10210524,  0.09823067,  0.38343617, -0.15196631,
        -0.1397326 , -0.02310496,  0.30543814, -0.27756186, -0.2284713 ,
        -0.3146433 , -0.25909545, -0.08473961, -0.20924085, -0.24678285,
        -0.13334056, -0.11769105, -0.22430845, -0.32270228, -0.30100773],
       [-0.06796734,  0.10210524,  0.09823067,  0.38343617, -0.15196631,
        -0.1397326 , -0.02310496,  0.30543814, -0.27756186, -0.2284713 ,
        -0.3146433 , -0.25909545, -0.08473961, -0.20924085, -0.24678285,
        -0.13334056, -0.11769105, -0.22430845, -0.32270228, -0.30100773]]), array([-0.76254915, -0.76254915])]
Training finished for round 16
>>>>>>>>>>>>> evaluating on client-side
>>>>>>>>>>>>> printing final parameters
[array([[-0.06581094,  0.11693729,  0.11234386,  0.41361172, -0.15849174,
        -0.14526686, -0.02002181,  0.32498973, -0.29290201, -0.24168487,
        -0.33209531, -0.27209361, -0.08964098, -0.22161282, -0.26136441,
        -0.13920172, -0.12653319, -0.23965027, -0.34563854, -0.32284446],
       [-0.06581094,  0.11693729,  0.11234386,  0.41361172, -0.15849174,
        -0.14526686, -0.02002181,  0.32498973, -0.29290201, -0.24168487,
        -0.33209531, -0.27209361, -0.08964098, -0.22161282, -0.26136441,
        -0.13920172, -0.12653319, -0.23965027, -0.34563854, -0.32284446]]), array([-0.81525662, -0.81525662])]
>>>>>>>>>>>>> printing intermediate parameters
[array([[-0.06581094,  0.11693729,  0.11234386,  0.41361172, -0.15849174,
        -0.14526686, -0.02002181,  0.32498973, -0.29290201, -0.24168487,
        -0.33209531, -0.27209361, -0.08964098, -0.22161282, -0.26136441,
        -0.13920172, -0.12653319, -0.23965027, -0.34563854, -0.32284446],
       [-0.06581094,  0.11693729,  0.11234386,  0.41361172, -0.15849174,
        -0.14526686, -0.02002181,  0.32498973, -0.29290201, -0.24168487,
        -0.33209531, -0.27209361, -0.08964098, -0.22161282, -0.26136441,
        -0.13920172, -0.12653319, -0.23965027, -0.34563854, -0.32284446]]), array([-0.81525662, -0.81525662])]
Training finished for round 17
>>>>>>>>>>>>> evaluating on client-side
>>>>>>>>>>>>> printing final parameters
[array([[-0.06276047,  0.13276355,  0.12707359,  0.44429163, -0.16438192,
        -0.15000323, -0.01636131,  0.34446008, -0.30829369, -0.25418254,
        -0.34862504, -0.28477123, -0.09436344, -0.23365661, -0.27546837,
        -0.14466714, -0.1354308 , -0.25482662, -0.36829818, -0.34447349],
       [-0.06276047,  0.13276355,  0.12707359,  0.44429163, -0.16438192,
        -0.15000323, -0.01636131,  0.34446008, -0.30829369, -0.25418254,
        -0.34862504, -0.28477123, -0.09436344, -0.23365661, -0.27546837,
        -0.14466714, -0.1354308 , -0.25482662, -0.36829818, -0.34447349]]), array([-0.86820944, -0.86820944])]
>>>>>>>>>>>>> printing intermediate parameters
[array([[-0.06276047,  0.13276355,  0.12707359,  0.44429163, -0.16438192,
        -0.15000323, -0.01636131,  0.34446008, -0.30829369, -0.25418254,
        -0.34862504, -0.28477123, -0.09436344, -0.23365661, -0.27546837,
        -0.14466714, -0.1354308 , -0.25482662, -0.36829818, -0.34447349],
       [-0.06276047,  0.13276355,  0.12707359,  0.44429163, -0.16438192,
        -0.15000323, -0.01636131,  0.34446008, -0.30829369, -0.25418254,
        -0.34862504, -0.28477123, -0.09436344, -0.23365661, -0.27546837,
        -0.14466714, -0.1354308 , -0.25482662, -0.36829818, -0.34447349]]), array([-0.86820944, -0.86820944])]
Training finished for round 18
>>>>>>>>>>>>> evaluating on client-side
>>>>>>>>>>>>> printing final parameters
[array([[-0.05851857,  0.14995171,  0.14251313,  0.47543564, -0.16928376,
        -0.15352776, -0.01187497,  0.36373412, -0.32346352, -0.26583518,
        -0.36376419, -0.29681902, -0.09883158, -0.24522839, -0.28886692,
        -0.14960724, -0.1442905 , -0.26962484, -0.39038492, -0.36562965],
       [-0.05851857,  0.14995171,  0.14251313,  0.47543564, -0.16928376,
        -0.15352776, -0.01187497,  0.36373412, -0.32346352, -0.26583518,
        -0.36376419, -0.29681902, -0.09883158, -0.24522839, -0.28886692,
        -0.14960724, -0.1442905 , -0.26962484, -0.39038492, -0.36562965]]), array([-0.92106641, -0.92106641])]
>>>>>>>>>>>>> printing intermediate parameters
[array([[-0.05851857,  0.14995171,  0.14251313,  0.47543564, -0.16928376,
        -0.15352776, -0.01187497,  0.36373412, -0.32346352, -0.26583518,
        -0.36376419, -0.29681902, -0.09883158, -0.24522839, -0.28886692,
        -0.14960724, -0.1442905 , -0.26962484, -0.39038492, -0.36562965],
       [-0.05851857,  0.14995171,  0.14251313,  0.47543564, -0.16928376,
        -0.15352776, -0.01187497,  0.36373412, -0.32346352, -0.26583518,
        -0.36376419, -0.29681902, -0.09883158, -0.24522839, -0.28886692,
        -0.14960724, -0.1442905 , -0.26962484, -0.39038492, -0.36562965]]), array([-0.92106641, -0.92106641])]
Training finished for round 19
>>>>>>>>>>>>> evaluating on client-side
>>>>>>>>>>>>> printing final parameters
[array([[-0.05274534,  0.16858265,  0.15862512,  0.50684542, -0.17291682,
        -0.15573128, -0.00678175,  0.38290512, -0.33765317, -0.27711324,
        -0.37741693, -0.3077806 , -0.10292488, -0.25615834, -0.30135541,
        -0.15391092, -0.15293691, -0.28392987, -0.41165813, -0.38611523],
       [-0.05274534,  0.16858265,  0.15862512,  0.50684542, -0.17291682,
        -0.15573128, -0.00678175,  0.38290512, -0.33765317, -0.27711324,
        -0.37741693, -0.3077806 , -0.10292488, -0.25615834, -0.30135541,
        -0.15391092, -0.15293691, -0.28392987, -0.41165813, -0.38611523]]), array([-0.97353591, -0.97353591])]
>>>>>>>>>>>>> printing intermediate parameters
[array([[-0.05274534,  0.16858265,  0.15862512,  0.50684542, -0.17291682,
        -0.15573128, -0.00678175,  0.38290512, -0.33765317, -0.27711324,
        -0.37741693, -0.3077806 , -0.10292488, -0.25615834, -0.30135541,
        -0.15391092, -0.15293691, -0.28392987, -0.41165813, -0.38611523],
       [-0.05274534,  0.16858265,  0.15862512,  0.50684542, -0.17291682,
        -0.15573128, -0.00678175,  0.38290512, -0.33765317, -0.27711324,
        -0.37741693, -0.3077806 , -0.10292488, -0.25615834, -0.30135541,
        -0.15391092, -0.15293691, -0.28392987, -0.41165813, -0.38611523]]), array([-0.97353591, -0.97353591])]
Training finished for round 20
>>>>>>>>>>>>> evaluating on client-side
>>>>>>>>>>>>> printing final parameters
[array([[-0.04477104,  0.18855038,  0.17521141,  0.53785884, -0.1746691 ,
        -0.15640162, -0.00171325,  0.40216744, -0.34930825, -0.28879688,
        -0.38931087, -0.31671007, -0.10633944, -0.26597407, -0.31237626,
        -0.15730768, -0.16093928, -0.29737873, -0.43135651, -0.40525   ],
       [-0.04477104,  0.18855038,  0.17521141,  0.53785884, -0.1746691 ,
        -0.15640162, -0.00171325,  0.40216744, -0.34930825, -0.28879688,
        -0.38931087, -0.31671007, -0.10633944, -0.26597407, -0.31237626,
        -0.15730768, -0.16093928, -0.29737873, -0.43135651, -0.40525   ]]), array([-1.02462675, -1.02462675])]
>>>>>>>>>>>>> printing intermediate parameters
[array([[-0.04477104,  0.18855038,  0.17521141,  0.53785884, -0.1746691 ,
        -0.15640162, -0.00171325,  0.40216744, -0.34930825, -0.28879688,
        -0.38931087, -0.31671007, -0.10633944, -0.26597407, -0.31237626,
        -0.15730768, -0.16093928, -0.29737873, -0.43135651, -0.40525   ],
       [-0.04477104,  0.18855038,  0.17521141,  0.53785884, -0.1746691 ,
        -0.15640162, -0.00171325,  0.40216744, -0.34930825, -0.28879688,
        -0.38931087, -0.31671007, -0.10633944, -0.26597407, -0.31237626,
        -0.15730768, -0.16093928, -0.29737873, -0.43135651, -0.40525   ]]), array([-1.02462675, -1.02462675])]
Training finished for round 21
>>>>>>>>>>>>> evaluating on client-side
>>>>>>>>>>>>> printing final parameters
[array([[-0.03547964,  0.20907013,  0.19253236,  0.5681504 , -0.17530234,
        -0.15614155,  0.00353573,  0.4208297 , -0.35946466, -0.30018975,
        -0.40006885, -0.32417907, -0.10936359, -0.27491353, -0.32232608,
        -0.15999591, -0.16856023, -0.31016129, -0.45001287, -0.42348519],
       [-0.03547964,  0.20907013,  0.19253236,  0.5681504 , -0.17530234,
        -0.15614155,  0.00353573,  0.4208297 , -0.35946466, -0.30018975,
        -0.40006885, -0.32417907, -0.10936359, -0.27491353, -0.32232608,
        -0.15999591, -0.16856023, -0.31016129, -0.45001287, -0.42348519]]), array([-1.07430182, -1.07430182])]
>>>>>>>>>>>>> printing intermediate parameters
[array([[-0.03547964,  0.20907013,  0.19253236,  0.5681504 , -0.17530234,
        -0.15614155,  0.00353573,  0.4208297 , -0.35946466, -0.30018975,
        -0.40006885, -0.32417907, -0.10936359, -0.27491353, -0.32232608,
        -0.15999591, -0.16856023, -0.31016129, -0.45001287, -0.42348519],
       [-0.03547964,  0.20907013,  0.19253236,  0.5681504 , -0.17530234,
        -0.15614155,  0.00353573,  0.4208297 , -0.35946466, -0.30018975,
        -0.40006885, -0.32417907, -0.10936359, -0.27491353, -0.32232608,
        -0.15999591, -0.16856023, -0.31016129, -0.45001287, -0.42348519]]), array([-1.07430182, -1.07430182])]
Training finished for round 22
>>>>>>>>>>>>> evaluating on client-side
>>>>>>>>>>>>> printing final parameters
[array([[-0.02552052,  0.23006275,  0.21065514,  0.59869889, -0.17584233,
        -0.15587698,  0.00900417,  0.4389305 , -0.36989939, -0.31072663,
        -0.41070852, -0.33155295, -0.11232246, -0.28348873, -0.33196736,
        -0.16220371, -0.1764404 , -0.32307091, -0.46898639, -0.44204951],
       [-0.02552052,  0.23006275,  0.21065514,  0.59869889, -0.17584233,
        -0.15587698,  0.00900417,  0.4389305 , -0.36989939, -0.31072663,
        -0.41070852, -0.33155295, -0.11232246, -0.28348873, -0.33196736,
        -0.16220371, -0.1764404 , -0.32307091, -0.46898639, -0.44204951]]), array([-1.12443254, -1.12443254])]
>>>>>>>>>>>>> printing intermediate parameters
[array([[-0.02552052,  0.23006275,  0.21065514,  0.59869889, -0.17584233,
        -0.15587698,  0.00900417,  0.4389305 , -0.36989939, -0.31072663,
        -0.41070852, -0.33155295, -0.11232246, -0.28348873, -0.33196736,
        -0.16220371, -0.1764404 , -0.32307091, -0.46898639, -0.44204951],
       [-0.02552052,  0.23006275,  0.21065514,  0.59869889, -0.17584233,
        -0.15587698,  0.00900417,  0.4389305 , -0.36989939, -0.31072663,
        -0.41070852, -0.33155295, -0.11232246, -0.28348873, -0.33196736,
        -0.16220371, -0.1764404 , -0.32307091, -0.46898639, -0.44204951]]), array([-1.12443254, -1.12443254])]
Training finished for round 23
>>>>>>>>>>>>> evaluating on client-side
>>>>>>>>>>>>> printing final parameters
[array([[-0.01587423,  0.25109927,  0.22977863,  0.62992973, -0.17724069,
        -0.15620738,  0.01516211,  0.45595027, -0.3816491 , -0.3200383 ,
        -0.42164759, -0.33983262, -0.11560162, -0.29215172, -0.34185807,
        -0.16418115, -0.18502773, -0.33654633, -0.48916507, -0.46178158],
       [-0.01587423,  0.25109927,  0.22977863,  0.62992973, -0.17724069,
        -0.15620738,  0.01516211,  0.45595027, -0.3816491 , -0.3200383 ,
        -0.42164759, -0.33983262, -0.11560162, -0.29215172, -0.34185807,
        -0.16418115, -0.18502773, -0.33654633, -0.48916507, -0.46178158]]), array([-1.17558018, -1.17558018])]
>>>>>>>>>>>>> printing intermediate parameters
[array([[-0.01587423,  0.25109927,  0.22977863,  0.62992973, -0.17724069,
        -0.15620738,  0.01516211,  0.45595027, -0.3816491 , -0.3200383 ,
        -0.42164759, -0.33983262, -0.11560162, -0.29215172, -0.34185807,
        -0.16418115, -0.18502773, -0.33654633, -0.48916507, -0.46178158],
       [-0.01587423,  0.25109927,  0.22977863,  0.62992973, -0.17724069,
        -0.15620738,  0.01516211,  0.45595027, -0.3816491 , -0.3200383 ,
        -0.42164759, -0.33983262, -0.11560162, -0.29215172, -0.34185807,
        -0.16418115, -0.18502773, -0.33654633, -0.48916507, -0.46178158]]), array([-1.17558018, -1.17558018])]
Training finished for round 24
>>>>>>>>>>>>> evaluating on client-side
>>>>>>>>>>>>> printing final parameters
[array([[-0.00587247,  0.2721679 ,  0.24947882,  0.66119973, -0.17866947,
        -0.15654966,  0.02146464,  0.47230066, -0.39324792, -0.32871049,
        -0.43221659, -0.34798808, -0.11880045, -0.30039015, -0.35130325,
        -0.16571981, -0.19371598, -0.34998777, -0.509357  , -0.48160345],
       [-0.00587247,  0.2721679 ,  0.24947882,  0.66119973, -0.17866947,
        -0.15654966,  0.02146464,  0.47230066, -0.39324792, -0.32871049,
        -0.43221659, -0.34798808, -0.11880045, -0.30039015, -0.35130325,
        -0.16571981, -0.19371598, -0.34998777, -0.509357  , -0.48160345]]), array([-1.22649644, -1.22649644])]
>>>>>>>>>>>>> printing intermediate parameters
[array([[-0.00587247,  0.2721679 ,  0.24947882,  0.66119973, -0.17866947,
        -0.15654966,  0.02146464,  0.47230066, -0.39324792, -0.32871049,
        -0.43221659, -0.34798808, -0.11880045, -0.30039015, -0.35130325,
        -0.16571981, -0.19371598, -0.34998777, -0.509357  , -0.48160345],
       [-0.00587247,  0.2721679 ,  0.24947882,  0.66119973, -0.17866947,
        -0.15654966,  0.02146464,  0.47230066, -0.39324792, -0.32871049,
        -0.43221659, -0.34798808, -0.11880045, -0.30039015, -0.35130325,
        -0.16571981, -0.19371598, -0.34998777, -0.509357  , -0.48160345]]), array([-1.22649644, -1.22649644])]
Training finished for round 25
>>>>>>>>>>>>> evaluating on client-side
>>>>>>>>>>>>> printing final parameters
[array([[ 0.00472496,  0.29336737,  0.26962746,  0.69238123, -0.1798434 ,
        -0.1566602 ,  0.02774734,  0.48824892, -0.40435644, -0.33697182,
        -0.44221773, -0.35576264, -0.12176974, -0.30809032, -0.36012563,
        -0.16681551, -0.20230773, -0.36322902, -0.5291952 , -0.50117253],
       [ 0.00472496,  0.29336737,  0.26962746,  0.69238123, -0.1798434 ,
        -0.1566602 ,  0.02774734,  0.48824892, -0.40435644, -0.33697182,
        -0.44221773, -0.35576264, -0.12176974, -0.30809032, -0.36012563,
        -0.16681551, -0.20230773, -0.36322902, -0.5291952 , -0.50117253]]), array([-1.27706296, -1.27706296])]
>>>>>>>>>>>>> printing intermediate parameters
[array([[ 0.00472496,  0.29336737,  0.26962746,  0.69238123, -0.1798434 ,
        -0.1566602 ,  0.02774734,  0.48824892, -0.40435644, -0.33697182,
        -0.44221773, -0.35576264, -0.12176974, -0.30809032, -0.36012563,
        -0.16681551, -0.20230773, -0.36322902, -0.5291952 , -0.50117253],
       [ 0.00472496,  0.29336737,  0.26962746,  0.69238123, -0.1798434 ,
        -0.1566602 ,  0.02774734,  0.48824892, -0.40435644, -0.33697182,
        -0.44221773, -0.35576264, -0.12176974, -0.30809032, -0.36012563,
        -0.16681551, -0.20230773, -0.36322902, -0.5291952 , -0.50117253]]), array([-1.27706296, -1.27706296])]
Training finished for round 26
>>>>>>>>>>>>> evaluating on client-side
>>>>>>>>>>>>> printing final parameters
[array([[ 0.01597487,  0.31469341,  0.2901742 ,  0.72340881, -0.18067009,
        -0.15642126,  0.03393997,  0.50394202, -0.41491444, -0.34485534,
        -0.45155688, -0.36309126, -0.12445178, -0.31521064, -0.36824222,
        -0.16749033, -0.21070847, -0.37618411, -0.54849552, -0.52032343],
       [ 0.01597487,  0.31469341,  0.2901742 ,  0.72340881, -0.18067009,
        -0.15642126,  0.03393997,  0.50394202, -0.41491444, -0.34485534,
        -0.45155688, -0.36309126, -0.12445178, -0.31521064, -0.36824222,
        -0.16749033, -0.21070847, -0.37618411, -0.54849552, -0.52032343]]), array([-1.32721774, -1.32721774])]
>>>>>>>>>>>>> printing intermediate parameters
[array([[ 0.01597487,  0.31469341,  0.2901742 ,  0.72340881, -0.18067009,
        -0.15642126,  0.03393997,  0.50394202, -0.41491444, -0.34485534,
        -0.45155688, -0.36309126, -0.12445178, -0.31521064, -0.36824222,
        -0.16749033, -0.21070847, -0.37618411, -0.54849552, -0.52032343],
       [ 0.01597487,  0.31469341,  0.2901742 ,  0.72340881, -0.18067009,
        -0.15642126,  0.03393997,  0.50394202, -0.41491444, -0.34485534,
        -0.45155688, -0.36309126, -0.12445178, -0.31521064, -0.36824222,
        -0.16749033, -0.21070847, -0.37618411, -0.54849552, -0.52032343]]), array([-1.32721774, -1.32721774])]
Training finished for round 27
>>>>>>>>>>>>> evaluating on client-side
>>>>>>>>>>>>> printing final parameters
[array([[ 0.02796396,  0.33614359,  0.31110123,  0.7541668 , -0.18104059,
        -0.1557082 ,  0.03995928,  0.51951536, -0.42483913, -0.35238711,
        -0.46012712, -0.36987551, -0.12680323, -0.32169382, -0.37554974,
        -0.16775139, -0.218823  , -0.38875595, -0.5670575 , -0.53887929],
       [ 0.02796396,  0.33614359,  0.31110123,  0.7541668 , -0.18104059,
        -0.1557082 ,  0.03995928,  0.51951536, -0.42483913, -0.35238711,
        -0.46012712, -0.36987551, -0.12680323, -0.32169382, -0.37554974,
        -0.16775139, -0.218823  , -0.38875595, -0.5670575 , -0.53887929]]), array([-1.37686382, -1.37686382])]
>>>>>>>>>>>>> printing intermediate parameters
[array([[ 0.02796396,  0.33614359,  0.31110123,  0.7541668 , -0.18104059,
        -0.1557082 ,  0.03995928,  0.51951536, -0.42483913, -0.35238711,
        -0.46012712, -0.36987551, -0.12680323, -0.32169382, -0.37554974,
        -0.16775139, -0.218823  , -0.38875595, -0.5670575 , -0.53887929],
       [ 0.02796396,  0.33614359,  0.31110123,  0.7541668 , -0.18104059,
        -0.1557082 ,  0.03995928,  0.51951536, -0.42483913, -0.35238711,
        -0.46012712, -0.36987551, -0.12680323, -0.32169382, -0.37554974,
        -0.16775139, -0.218823  , -0.38875595, -0.5670575 , -0.53887929]]), array([-1.37686382, -1.37686382])]
Training finished for round 28
>>>>>>>>>>>>> evaluating on client-side
>>>>>>>>>>>>> printing final parameters
DEBUG flwr 2023-11-03 22:39:07,332 | connection.py:139 | gRPC channel closed
INFO flwr 2023-11-03 22:39:07,333 | app.py:215 | Disconnect and shut down
[array([[ 0.04084098,  0.35768954,  0.33243033,  0.78439579, -0.18078332,
        -0.1543934 ,  0.0456554 ,  0.53509511, -0.43387322, -0.3596917 ,
        -0.46784704, -0.3758742 , -0.12875868, -0.32744279, -0.38191302,
        -0.16759131, -0.22650578, -0.40080966, -0.58461826, -0.55659822],
       [ 0.04084098,  0.35768954,  0.33243033,  0.78439579, -0.18078332,
        -0.1543934 ,  0.0456554 ,  0.53509511, -0.43387322, -0.3596917 ,
        -0.46784704, -0.3758742 , -0.12875868, -0.32744279, -0.38191302,
        -0.16759131, -0.22650578, -0.40080966, -0.58461826, -0.55659822]]), array([-1.42578218, -1.42578218])]
>>>>>>>>>>>>> printing intermediate parameters
[array([[ 0.04084098,  0.35768954,  0.33243033,  0.78439579, -0.18078332,
        -0.1543934 ,  0.0456554 ,  0.53509511, -0.43387322, -0.3596917 ,
        -0.46784704, -0.3758742 , -0.12875868, -0.32744279, -0.38191302,
        -0.16759131, -0.22650578, -0.40080966, -0.58461826, -0.55659822],
       [ 0.04084098,  0.35768954,  0.33243033,  0.78439579, -0.18078332,
        -0.1543934 ,  0.0456554 ,  0.53509511, -0.43387322, -0.3596917 ,
        -0.46784704, -0.3758742 , -0.12875868, -0.32744279, -0.38191302,
        -0.16759131, -0.22650578, -0.40080966, -0.58461826, -0.55659822]]), array([-1.42578218, -1.42578218])]
Training finished for round 29
>>>>>>>>>>>>> evaluating on client-side
>>>>>>>>>>>>> printing final parameters
[array([[ 0.05461354,  0.37917663,  0.35423611,  0.81365025, -0.17975116,
        -0.15237179,  0.05099055,  0.55058775, -0.44162189, -0.366983  ,
        -0.47469105, -0.38076177, -0.13028   , -0.33239471, -0.38725228,
        -0.16704686, -0.23358374, -0.41216392, -0.60090361, -0.57321368],
       [ 0.05461354,  0.37917663,  0.35423611,  0.81365025, -0.17975116,
        -0.15237179,  0.05099055,  0.55058775, -0.44162189, -0.366983  ,
        -0.47469105, -0.38076177, -0.13028   , -0.33239471, -0.38725228,
        -0.16704686, -0.23358374, -0.41216392, -0.60090361, -0.57321368]]), array([-1.47350044, -1.47350044])]
>>>>>>>>>>>>> printing intermediate parameters
[array([[ 0.05461354,  0.37917663,  0.35423611,  0.81365025, -0.17975116,
        -0.15237179,  0.05099055,  0.55058775, -0.44162189, -0.366983  ,
        -0.47469105, -0.38076177, -0.13028   , -0.33239471, -0.38725228,
        -0.16704686, -0.23358374, -0.41216392, -0.60090361, -0.57321368],
       [ 0.05461354,  0.37917663,  0.35423611,  0.81365025, -0.17975116,
        -0.15237179,  0.05099055,  0.55058775, -0.44162189, -0.366983  ,
        -0.47469105, -0.38076177, -0.13028   , -0.33239471, -0.38725228,
        -0.16704686, -0.23358374, -0.41216392, -0.60090361, -0.57321368]]), array([-1.47350044, -1.47350044])]
Training finished for round 30
>>>>>>>>>>>>> evaluating on client-side
>>>>>>>>>>>>> printing final parameters
[array([[ 0.06876204,  0.40049915,  0.37645767,  0.84216287, -0.17832713,
        -0.14974554,  0.05647435,  0.56541605, -0.44854449, -0.37403442,
        -0.48060772, -0.38509679, -0.13154099, -0.33677814, -0.39179607,
        -0.16624397, -0.24027315, -0.42292229, -0.61621968, -0.58900873],
       [ 0.06876204,  0.40049915,  0.37645767,  0.84216287, -0.17832713,
        -0.14974554,  0.05647435,  0.56541605, -0.44854449, -0.37403442,
        -0.48060772, -0.38509679, -0.13154099, -0.33677814, -0.39179607,
        -0.16624397, -0.24027315, -0.42292229, -0.61621968, -0.58900873]]), array([-1.52008242, -1.52008242])]
