INFO flwr 2023-11-03 22:39:34,176 | grpc.py:49 | Opened insecure gRPC connection (no certificates were passed)
DEBUG flwr 2023-11-03 22:39:34,177 | connection.py:42 | ChannelConnectivity.IDLE
DEBUG flwr 2023-11-03 22:39:34,179 | connection.py:42 | ChannelConnectivity.READY
===================
['AGE_[41.0, 57.0)', 'AGE_[57.0, 67.0)', 'AGE_[67.0, 78.0)', 'AGE_[78.0, 206.0)', 'PULSE_[68.5, 77.5)', 'PULSE_[77.5, 85.5)', 'PULSE_[85.5, 98.0)', 'PULSE_[98.0, 345.0)', 'RESPIRATION_[16.0, 18.0)', 'RESPIRATION_[18.0, 146.0)', 'SAO2_[97.0, 98.5)', 'SAO2_[98.5, 200.0)', 'BPDIASTOLIC_[62.5, 70.5)', 'BPDIASTOLIC_[70.5, 76.5)', 'BPDIASTOLIC_[76.5, 85.5)', 'BPDIASTOLIC_[85.5, 278.0)', 'BPSYSTOLIC_[113.5, 126.0)', 'BPSYSTOLIC_[126.0, 137.0)', 'BPSYSTOLIC_[137.0, 153.0)', 'BPSYSTOLIC_[153.0, 375.0)', 'GENDER_M_1.0', 'Renal_1_1.0']
===================
>>>>>>>>>>>>> setting initial parameters
[[0. 0. 0. 0. 0. 0. 0. 0. 0. 0. 0. 0. 0. 0. 0. 0. 0. 0. 0. 0. 0. 0.]
 [0. 0. 0. 0. 0. 0. 0. 0. 0. 0. 0. 0. 0. 0. 0. 0. 0. 0. 0. 0. 0. 0.]]
>>>>>>>>>>>>> printing intermediate parameters
[array([[0., 0., 0., 0., 0., 0., 0., 0., 0., 0., 0., 0., 0., 0., 0., 0.,
        0., 0., 0., 0., 0., 0.],
       [0., 0., 0., 0., 0., 0., 0., 0., 0., 0., 0., 0., 0., 0., 0., 0.,
        0., 0., 0., 0., 0., 0.]]), array([0., 0.])]
Training finished for round 1
>>>>>>>>>>>>> evaluating on client-side
>>>>>>>>>>>>> printing final parameters
[array([[-0.00876532, -0.00203206, -0.0033825 ,  0.01443327, -0.01253426,
        -0.0124396 , -0.00739004,  0.01630633, -0.0216224 , -0.01670006,
        -0.02209024, -0.02064129, -0.00567422, -0.01288001, -0.01519671,
        -0.01006691, -0.00667078, -0.01330866, -0.01775092, -0.01676151,
         0.00831676,  0.01422153],
       [-0.00876532, -0.00203206, -0.0033825 ,  0.01443327, -0.01253426,
        -0.0124396 , -0.00739004,  0.01630633, -0.0216224 , -0.01670006,
        -0.02209024, -0.02064129, -0.00567422, -0.01288001, -0.01519671,
        -0.01006691, -0.00667078, -0.01330866, -0.01775092, -0.01676151,
         0.00831676,  0.01422153]]), array([-0.04847546, -0.04847546])]
>>>>>>>>>>>>> printing intermediate parameters
[array([[-0.00876532, -0.00203206, -0.0033825 ,  0.01443327, -0.01253426,
        -0.0124396 , -0.00739004,  0.01630633, -0.0216224 , -0.01670006,
        -0.02209024, -0.02064129, -0.00567422, -0.01288001, -0.01519671,
        -0.01006691, -0.00667078, -0.01330866, -0.01775092, -0.01676151,
         0.00831676,  0.01422153],
       [-0.00876532, -0.00203206, -0.0033825 ,  0.01443327, -0.01253426,
        -0.0124396 , -0.00739004,  0.01630633, -0.0216224 , -0.01670006,
        -0.02209024, -0.02064129, -0.00567422, -0.01288001, -0.01519671,
        -0.01006691, -0.00667078, -0.01330866, -0.01775092, -0.01676151,
         0.00831676,  0.01422153]]), array([-0.04847546, -0.04847546])]
Training finished for round 2
>>>>>>>>>>>>> evaluating on client-side
>>>>>>>>>>>>> printing final parameters
[array([[-0.01721286, -0.00347061, -0.00607671,  0.02931722, -0.02492941,
        -0.02462073, -0.01427647,  0.03292882, -0.04289912, -0.03350318,
        -0.044072  , -0.04077226, -0.01129976, -0.02581027, -0.03046268,
        -0.02010345, -0.01334088, -0.02671637, -0.03584545, -0.03388   ,
         0.0171369 ,  0.02881675],
       [-0.01721286, -0.00347061, -0.00607671,  0.02931722, -0.02492941,
        -0.02462073, -0.01427647,  0.03292882, -0.04289912, -0.03350318,
        -0.044072  , -0.04077226, -0.01129976, -0.02581027, -0.03046268,
        -0.02010345, -0.01334088, -0.02671637, -0.03584545, -0.03388   ,
         0.0171369 ,  0.02881675]]), array([-0.09719669, -0.09719669])]
>>>>>>>>>>>>> printing intermediate parameters
[array([[-0.01721286, -0.00347061, -0.00607671,  0.02931722, -0.02492941,
        -0.02462073, -0.01427647,  0.03292882, -0.04289912, -0.03350318,
        -0.044072  , -0.04077226, -0.01129976, -0.02581027, -0.03046268,
        -0.02010345, -0.01334088, -0.02671637, -0.03584545, -0.03388   ,
         0.0171369 ,  0.02881675],
       [-0.01721286, -0.00347061, -0.00607671,  0.02931722, -0.02492941,
        -0.02462073, -0.01427647,  0.03292882, -0.04289912, -0.03350318,
        -0.044072  , -0.04077226, -0.01129976, -0.02581027, -0.03046268,
        -0.02010345, -0.01334088, -0.02671637, -0.03584545, -0.03388   ,
         0.0171369 ,  0.02881675]]), array([-0.09719669, -0.09719669])]
Training finished for round 3
>>>>>>>>>>>>> evaluating on client-side
>>>>>>>>>>>>> printing final parameters
[array([[-0.02542576, -0.00442891, -0.00812769,  0.04461993, -0.03721596,
        -0.03654894, -0.02070014,  0.04985   , -0.06398241, -0.05030512,
        -0.06595083, -0.06048174, -0.01691431, -0.03879413, -0.04578396,
        -0.03011464, -0.02002432, -0.04019329, -0.05420625, -0.05129321,
         0.0263712 ,  0.04374574],
       [-0.02542576, -0.00442891, -0.00812769,  0.04461993, -0.03721596,
        -0.03654894, -0.02070014,  0.04985   , -0.06398241, -0.05030512,
        -0.06595083, -0.06048174, -0.01691431, -0.03879413, -0.04578396,
        -0.03011464, -0.02002432, -0.04019329, -0.05420625, -0.05129321,
         0.0263712 ,  0.04374574]]), array([-0.14614318, -0.14614318])]
>>>>>>>>>>>>> printing intermediate parameters
[array([[-0.02542576, -0.00442891, -0.00812769,  0.04461993, -0.03721596,
        -0.03654894, -0.02070014,  0.04985   , -0.06398241, -0.05030512,
        -0.06595083, -0.06048174, -0.01691431, -0.03879413, -0.04578396,
        -0.03011464, -0.02002432, -0.04019329, -0.05420625, -0.05129321,
         0.0263712 ,  0.04374574],
       [-0.02542576, -0.00442891, -0.00812769,  0.04461993, -0.03721596,
        -0.03654894, -0.02070014,  0.04985   , -0.06398241, -0.05030512,
        -0.06595083, -0.06048174, -0.01691431, -0.03879413, -0.04578396,
        -0.03011464, -0.02002432, -0.04019329, -0.05420625, -0.05129321,
         0.0263712 ,  0.04374574]]), array([-0.14614318, -0.14614318])]
Training finished for round 4
>>>>>>>>>>>>> evaluating on client-side
>>>>>>>>>>>>> printing final parameters
[array([[-0.03337671, -0.00493061, -0.00963751,  0.06035389, -0.04940982,
        -0.04828993, -0.0267433 ,  0.06705142, -0.08496883, -0.06707767,
        -0.08779917, -0.07985266, -0.02252806, -0.05182541, -0.06115123,
        -0.0400767 , -0.02675937, -0.05378079, -0.07284721, -0.06901368,
         0.03588145,  0.05891939],
       [-0.03337671, -0.00493061, -0.00963751,  0.06035389, -0.04940982,
        -0.04828993, -0.0267433 ,  0.06705142, -0.08496883, -0.06707767,
        -0.08779917, -0.07985266, -0.02252806, -0.05182541, -0.06115123,
        -0.0400767 , -0.02675937, -0.05378079, -0.07284721, -0.06901368,
         0.03588145,  0.05891939]]), array([-0.19542386, -0.19542386])]
>>>>>>>>>>>>> printing intermediate parameters
[array([[-0.03337671, -0.00493061, -0.00963751,  0.06035389, -0.04940982,
        -0.04828993, -0.0267433 ,  0.06705142, -0.08496883, -0.06707767,
        -0.08779917, -0.07985266, -0.02252806, -0.05182541, -0.06115123,
        -0.0400767 , -0.02675937, -0.05378079, -0.07284721, -0.06901368,
         0.03588145,  0.05891939],
       [-0.03337671, -0.00493061, -0.00963751,  0.06035389, -0.04940982,
        -0.04828993, -0.0267433 ,  0.06705142, -0.08496883, -0.06707767,
        -0.08779917, -0.07985266, -0.02252806, -0.05182541, -0.06115123,
        -0.0400767 , -0.02675937, -0.05378079, -0.07284721, -0.06901368,
         0.03588145,  0.05891939]]), array([-0.19542386, -0.19542386])]
Training finished for round 5
>>>>>>>>>>>>> evaluating on client-side
>>>>>>>>>>>>> printing final parameters
[array([[-0.04077147, -0.00468164, -0.01047798,  0.07662038, -0.06140255,
        -0.05981066, -0.03229131,  0.08445599, -0.1056899 , -0.08388013,
        -0.10959296, -0.0986902 , -0.02810981, -0.06485284, -0.07651893,
        -0.04987984, -0.03360667, -0.06756763, -0.09192688, -0.08719755,
         0.04553531,  0.07423422],
       [-0.04077147, -0.00468164, -0.01047798,  0.07662038, -0.06140255,
        -0.05981066, -0.03229131,  0.08445599, -0.1056899 , -0.08388013,
        -0.10959296, -0.0986902 , -0.02810981, -0.06485284, -0.07651893,
        -0.04987984, -0.03360667, -0.06756763, -0.09192688, -0.08719755,
         0.04553531,  0.07423422]]), array([-0.24522254, -0.24522254])]
>>>>>>>>>>>>> printing intermediate parameters
[array([[-0.04077147, -0.00468164, -0.01047798,  0.07662038, -0.06140255,
        -0.05981066, -0.03229131,  0.08445599, -0.1056899 , -0.08388013,
        -0.10959296, -0.0986902 , -0.02810981, -0.06485284, -0.07651893,
        -0.04987984, -0.03360667, -0.06756763, -0.09192688, -0.08719755,
         0.04553531,  0.07423422],
       [-0.04077147, -0.00468164, -0.01047798,  0.07662038, -0.06140255,
        -0.05981066, -0.03229131,  0.08445599, -0.1056899 , -0.08388013,
        -0.10959296, -0.0986902 , -0.02810981, -0.06485284, -0.07651893,
        -0.04987984, -0.03360667, -0.06756763, -0.09192688, -0.08719755,
         0.04553531,  0.07423422]]), array([-0.24522254, -0.24522254])]
Training finished for round 6
>>>>>>>>>>>>> evaluating on client-side
>>>>>>>>>>>>> printing final parameters
[array([[-0.04662245, -0.00259841, -0.00971286,  0.09383032, -0.07266478,
        -0.07061545, -0.03655274,  0.10170728, -0.12558606, -0.10037019,
        -0.13062854, -0.11611263, -0.03355871, -0.07761496, -0.0915898 ,
        -0.0590569 , -0.04073098, -0.08159526, -0.11174677, -0.10618802,
         0.05502573,  0.08942292],
       [-0.04662245, -0.00259841, -0.00971286,  0.09383032, -0.07266478,
        -0.07061545, -0.03655274,  0.10170728, -0.12558606, -0.10037019,
        -0.13062854, -0.11611263, -0.03355871, -0.07761496, -0.0915898 ,
        -0.0590569 , -0.04073098, -0.08159526, -0.11174677, -0.10618802,
         0.05502573,  0.08942292]]), array([-0.29558748, -0.29558748])]
>>>>>>>>>>>>> printing intermediate parameters
[array([[-0.04662245, -0.00259841, -0.00971286,  0.09383032, -0.07266478,
        -0.07061545, -0.03655274,  0.10170728, -0.12558606, -0.10037019,
        -0.13062854, -0.11611263, -0.03355871, -0.07761496, -0.0915898 ,
        -0.0590569 , -0.04073098, -0.08159526, -0.11174677, -0.10618802,
         0.05502573,  0.08942292],
       [-0.04662245, -0.00259841, -0.00971286,  0.09383032, -0.07266478,
        -0.07061545, -0.03655274,  0.10170728, -0.12558606, -0.10037019,
        -0.13062854, -0.11611263, -0.03355871, -0.07761496, -0.0915898 ,
        -0.0590569 , -0.04073098, -0.08159526, -0.11174677, -0.10618802,
         0.05502573,  0.08942292]]), array([-0.29558748, -0.29558748])]
Training finished for round 7
>>>>>>>>>>>>> evaluating on client-side
>>>>>>>>>>>>> printing final parameters
[array([[-0.05111882,  0.00149693, -0.00684164,  0.11189723, -0.08313078,
        -0.0801466 , -0.03883906,  0.11876759, -0.14466782, -0.11704942,
        -0.1507052 , -0.13197087, -0.03899965, -0.09027513, -0.10648007,
        -0.06786698, -0.04813235, -0.09575439, -0.13232403, -0.12602725,
         0.06416119,  0.10428174],
       [-0.05111882,  0.00149693, -0.00684164,  0.11189723, -0.08313078,
        -0.0801466 , -0.03883906,  0.11876759, -0.14466782, -0.11704942,
        -0.1507052 , -0.13197087, -0.03899965, -0.09027513, -0.10648007,
        -0.06786698, -0.04813235, -0.09575439, -0.13232403, -0.12602725,
         0.06416119,  0.10428174]]), array([-0.34708229, -0.34708229])]
>>>>>>>>>>>>> printing intermediate parameters
[array([[-0.05111882,  0.00149693, -0.00684164,  0.11189723, -0.08313078,
        -0.0801466 , -0.03883906,  0.11876759, -0.14466782, -0.11704942,
        -0.1507052 , -0.13197087, -0.03899965, -0.09027513, -0.10648007,
        -0.06786698, -0.04813235, -0.09575439, -0.13232403, -0.12602725,
         0.06416119,  0.10428174],
       [-0.05111882,  0.00149693, -0.00684164,  0.11189723, -0.08313078,
        -0.0801466 , -0.03883906,  0.11876759, -0.14466782, -0.11704942,
        -0.1507052 , -0.13197087, -0.03899965, -0.09027513, -0.10648007,
        -0.06786698, -0.04813235, -0.09575439, -0.13232403, -0.12602725,
         0.06416119,  0.10428174]]), array([-0.34708229, -0.34708229])]
Training finished for round 8
>>>>>>>>>>>>> evaluating on client-side
>>>>>>>>>>>>> printing final parameters
[array([[-0.05693803,  0.0043237 , -0.00483261,  0.12941916, -0.0945099 ,
        -0.0904875 , -0.0421178 ,  0.13640459, -0.16440453, -0.13556383,
        -0.17247988, -0.14910739, -0.04485068, -0.10366336, -0.1221953 ,
        -0.07763439, -0.05554825, -0.1103144 , -0.15320281, -0.14617877,
         0.07385804,  0.12005094],
       [-0.05693803,  0.0043237 , -0.00483261,  0.12941916, -0.0945099 ,
        -0.0904875 , -0.0421178 ,  0.13640459, -0.16440453, -0.13556383,
        -0.17247988, -0.14910739, -0.04485068, -0.10366336, -0.1221953 ,
        -0.07763439, -0.05554825, -0.1103144 , -0.15320281, -0.14617877,
         0.07385804,  0.12005094]]), array([-0.40027464, -0.40027464])]
>>>>>>>>>>>>> printing intermediate parameters
[array([[-0.05693803,  0.0043237 , -0.00483261,  0.12941916, -0.0945099 ,
        -0.0904875 , -0.0421178 ,  0.13640459, -0.16440453, -0.13556383,
        -0.17247988, -0.14910739, -0.04485068, -0.10366336, -0.1221953 ,
        -0.07763439, -0.05554825, -0.1103144 , -0.15320281, -0.14617877,
         0.07385804,  0.12005094],
       [-0.05693803,  0.0043237 , -0.00483261,  0.12941916, -0.0945099 ,
        -0.0904875 , -0.0421178 ,  0.13640459, -0.16440453, -0.13556383,
        -0.17247988, -0.14910739, -0.04485068, -0.10366336, -0.1221953 ,
        -0.07763439, -0.05554825, -0.1103144 , -0.15320281, -0.14617877,
         0.07385804,  0.12005094]]), array([-0.40027464, -0.40027464])]
Training finished for round 9
>>>>>>>>>>>>> evaluating on client-side
>>>>>>>>>>>>> printing final parameters
[array([[-0.06336872,  0.00593576, -0.00497722,  0.14722244, -0.10690569,
        -0.10262988, -0.04759231,  0.15439955, -0.18660271, -0.15476146,
        -0.1961811 , -0.16919172, -0.05113268, -0.1176426 , -0.13864771,
        -0.08783823, -0.06374344, -0.12599184, -0.17485116, -0.16693148,
         0.08247426,  0.13567332],
       [-0.06336872,  0.00593576, -0.00497722,  0.14722244, -0.10690569,
        -0.10262988, -0.04759231,  0.15439955, -0.18660271, -0.15476146,
        -0.1961811 , -0.16919172, -0.05113268, -0.1176426 , -0.13864771,
        -0.08783823, -0.06374344, -0.12599184, -0.17485116, -0.16693148,
         0.08247426,  0.13567332]]), array([-0.45698308, -0.45698308])]
>>>>>>>>>>>>> printing intermediate parameters
[array([[-0.06336872,  0.00593576, -0.00497722,  0.14722244, -0.10690569,
        -0.10262988, -0.04759231,  0.15439955, -0.18660271, -0.15476146,
        -0.1961811 , -0.16919172, -0.05113268, -0.1176426 , -0.13864771,
        -0.08783823, -0.06374344, -0.12599184, -0.17485116, -0.16693148,
         0.08247426,  0.13567332],
       [-0.06336872,  0.00593576, -0.00497722,  0.14722244, -0.10690569,
        -0.10262988, -0.04759231,  0.15439955, -0.18660271, -0.15476146,
        -0.1961811 , -0.16919172, -0.05113268, -0.1176426 , -0.13864771,
        -0.08783823, -0.06374344, -0.12599184, -0.17485116, -0.16693148,
         0.08247426,  0.13567332]]), array([-0.45698308, -0.45698308])]
Training finished for round 10
>>>>>>>>>>>>> evaluating on client-side
>>>>>>>>>>>>> printing final parameters
[array([[-0.06793462,  0.00933465, -0.00422273,  0.16625881, -0.11858727,
        -0.11456898, -0.05246519,  0.17242408, -0.20809884, -0.17329186,
        -0.21949905, -0.18812736, -0.05703478, -0.13117804, -0.15470242,
        -0.09717565, -0.07225497, -0.14213641, -0.19733868, -0.18845853,
         0.09076908,  0.15095271],
       [-0.06793462,  0.00933465, -0.00422273,  0.16625881, -0.11858727,
        -0.11456898, -0.05246519,  0.17242408, -0.20809884, -0.17329186,
        -0.21949905, -0.18812736, -0.05703478, -0.13117804, -0.15470242,
        -0.09717565, -0.07225497, -0.14213641, -0.19733868, -0.18845853,
         0.09076908,  0.15095271]]), array([-0.51426047, -0.51426047])]
>>>>>>>>>>>>> printing intermediate parameters
[array([[-0.06793462,  0.00933465, -0.00422273,  0.16625881, -0.11858727,
        -0.11456898, -0.05246519,  0.17242408, -0.20809884, -0.17329186,
        -0.21949905, -0.18812736, -0.05703478, -0.13117804, -0.15470242,
        -0.09717565, -0.07225497, -0.14213641, -0.19733868, -0.18845853,
         0.09076908,  0.15095271],
       [-0.06793462,  0.00933465, -0.00422273,  0.16625881, -0.11858727,
        -0.11456898, -0.05246519,  0.17242408, -0.20809884, -0.17329186,
        -0.21949905, -0.18812736, -0.05703478, -0.13117804, -0.15470242,
        -0.09717565, -0.07225497, -0.14213641, -0.19733868, -0.18845853,
         0.09076908,  0.15095271]]), array([-0.51426047, -0.51426047])]
Training finished for round 11
>>>>>>>>>>>>> evaluating on client-side
>>>>>>>>>>>>> printing final parameters
[array([[-0.06795459,  0.0170487 ,  0.00063096,  0.18735322, -0.12754618,
        -0.12404588, -0.05420512,  0.18911001, -0.22673389, -0.18834582,
        -0.23869208, -0.20292394, -0.06199801, -0.14278688, -0.16854155,
        -0.10370228, -0.08107782, -0.15777593, -0.2199851 , -0.21030863,
         0.09812861,  0.16469629],
       [-0.06795459,  0.0170487 ,  0.00063096,  0.18735322, -0.12754618,
        -0.12404588, -0.05420512,  0.18911001, -0.22673389, -0.18834582,
        -0.23869208, -0.20292394, -0.06199801, -0.14278688, -0.16854155,
        -0.10370228, -0.08107782, -0.15777593, -0.2199851 , -0.21030863,
         0.09812861,  0.16469629]]), array([-0.56891364, -0.56891364])]
>>>>>>>>>>>>> printing intermediate parameters
[array([[-0.06795459,  0.0170487 ,  0.00063096,  0.18735322, -0.12754618,
        -0.12404588, -0.05420512,  0.18911001, -0.22673389, -0.18834582,
        -0.23869208, -0.20292394, -0.06199801, -0.14278688, -0.16854155,
        -0.10370228, -0.08107782, -0.15777593, -0.2199851 , -0.21030863,
         0.09812861,  0.16469629],
       [-0.06795459,  0.0170487 ,  0.00063096,  0.18735322, -0.12754618,
        -0.12404588, -0.05420512,  0.18911001, -0.22673389, -0.18834582,
        -0.23869208, -0.20292394, -0.06199801, -0.14278688, -0.16854155,
        -0.10370228, -0.08107782, -0.15777593, -0.2199851 , -0.21030863,
         0.09812861,  0.16469629]]), array([-0.56891364, -0.56891364])]
Training finished for round 12
>>>>>>>>>>>>> evaluating on client-side
>>>>>>>>>>>>> printing final parameters
[array([[-0.06997541,  0.0237329 ,  0.00473712,  0.20833407, -0.13769942,
        -0.13415935, -0.05648898,  0.20731528, -0.24620302, -0.20594276,
        -0.25971394, -0.21925983, -0.06721429, -0.15562999, -0.18384815,
        -0.11186531, -0.08966099, -0.17389078, -0.24324494, -0.23262664,
         0.10746409,  0.17974081],
       [-0.06997541,  0.0237329 ,  0.00473712,  0.20833407, -0.13769942,
        -0.13415935, -0.05648898,  0.20731528, -0.24620302, -0.20594276,
        -0.25971394, -0.21925983, -0.06721429, -0.15562999, -0.18384815,
        -0.11186531, -0.08966099, -0.17389078, -0.24324494, -0.23262664,
         0.10746409,  0.17974081]]), array([-0.6260629, -0.6260629])]
>>>>>>>>>>>>> printing intermediate parameters
[array([[-0.06997541,  0.0237329 ,  0.00473712,  0.20833407, -0.13769942,
        -0.13415935, -0.05648898,  0.20731528, -0.24620302, -0.20594276,
        -0.25971394, -0.21925983, -0.06721429, -0.15562999, -0.18384815,
        -0.11186531, -0.08966099, -0.17389078, -0.24324494, -0.23262664,
         0.10746409,  0.17974081],
       [-0.06997541,  0.0237329 ,  0.00473712,  0.20833407, -0.13769942,
        -0.13415935, -0.05648898,  0.20731528, -0.24620302, -0.20594276,
        -0.25971394, -0.21925983, -0.06721429, -0.15562999, -0.18384815,
        -0.11186531, -0.08966099, -0.17389078, -0.24324494, -0.23262664,
         0.10746409,  0.17974081]]), array([-0.6260629, -0.6260629])]
Training finished for round 13
>>>>>>>>>>>>> evaluating on client-side
>>>>>>>>>>>>> printing final parameters
[array([[-0.07178819,  0.03196884,  0.01128875,  0.23001269, -0.14719575,
        -0.14228328, -0.05618208,  0.2259891 , -0.2647718 , -0.22415492,
        -0.27930548, -0.23420938, -0.07241217, -0.16870663, -0.1992397 ,
        -0.12032806, -0.09797657, -0.18955642, -0.26662012, -0.25522061,
         0.1177528 ,  0.1948282 ],
       [-0.07178819,  0.03196884,  0.01128875,  0.23001269, -0.14719575,
        -0.14228328, -0.05618208,  0.2259891 , -0.2647718 , -0.22415492,
        -0.27930548, -0.23420938, -0.07241217, -0.16870663, -0.1992397 ,
        -0.12032806, -0.09797657, -0.18955642, -0.26662012, -0.25522061,
         0.1177528 ,  0.1948282 ]]), array([-0.68373106, -0.68373106])]
>>>>>>>>>>>>> printing intermediate parameters
[array([[-0.07178819,  0.03196884,  0.01128875,  0.23001269, -0.14719575,
        -0.14228328, -0.05618208,  0.2259891 , -0.2647718 , -0.22415492,
        -0.27930548, -0.23420938, -0.07241217, -0.16870663, -0.1992397 ,
        -0.12032806, -0.09797657, -0.18955642, -0.26662012, -0.25522061,
         0.1177528 ,  0.1948282 ],
       [-0.07178819,  0.03196884,  0.01128875,  0.23001269, -0.14719575,
        -0.14228328, -0.05618208,  0.2259891 , -0.2647718 , -0.22415492,
        -0.27930548, -0.23420938, -0.07241217, -0.16870663, -0.1992397 ,
        -0.12032806, -0.09797657, -0.18955642, -0.26662012, -0.25522061,
         0.1177528 ,  0.1948282 ]]), array([-0.68373106, -0.68373106])]
Training finished for round 14
>>>>>>>>>>>>> evaluating on client-side
>>>>>>>>>>>>> printing final parameters
[array([[-0.07275475,  0.04145968,  0.01904753,  0.25308841, -0.15585443,
        -0.14902254, -0.05439384,  0.24523857, -0.28333354, -0.24087202,
        -0.29744522, -0.24835151, -0.07738706, -0.18145039, -0.21409052,
        -0.12829873, -0.10620399, -0.20482182, -0.28965223, -0.27754794,
         0.12773822,  0.20920204],
       [-0.07275475,  0.04145968,  0.01904753,  0.25308841, -0.15585443,
        -0.14902254, -0.05439384,  0.24523857, -0.28333354, -0.24087202,
        -0.29744522, -0.24835151, -0.07738706, -0.18145039, -0.21409052,
        -0.12829873, -0.10620399, -0.20482182, -0.28965223, -0.27754794,
         0.12773822,  0.20920204]]), array([-0.74098954, -0.74098954])]
>>>>>>>>>>>>> printing intermediate parameters
[array([[-0.07275475,  0.04145968,  0.01904753,  0.25308841, -0.15585443,
        -0.14902254, -0.05439384,  0.24523857, -0.28333354, -0.24087202,
        -0.29744522, -0.24835151, -0.07738706, -0.18145039, -0.21409052,
        -0.12829873, -0.10620399, -0.20482182, -0.28965223, -0.27754794,
         0.12773822,  0.20920204],
       [-0.07275475,  0.04145968,  0.01904753,  0.25308841, -0.15585443,
        -0.14902254, -0.05439384,  0.24523857, -0.28333354, -0.24087202,
        -0.29744522, -0.24835151, -0.07738706, -0.18145039, -0.21409052,
        -0.12829873, -0.10620399, -0.20482182, -0.28965223, -0.27754794,
         0.12773822,  0.20920204]]), array([-0.74098954, -0.74098954])]
Training finished for round 15
>>>>>>>>>>>>> evaluating on client-side
>>>>>>>>>>>>> printing final parameters
[array([[-0.07294683,  0.05125269,  0.02717474,  0.27664667, -0.16433652,
        -0.15602958, -0.05296267,  0.26439665, -0.30175263, -0.2567831 ,
        -0.31561462, -0.26221691, -0.08221015, -0.19379948, -0.22854834,
        -0.13563279, -0.11462895, -0.22028713, -0.31282222, -0.30003793,
         0.1377055 ,  0.22363553],
       [-0.07294683,  0.05125269,  0.02717474,  0.27664667, -0.16433652,
        -0.15602958, -0.05296267,  0.26439665, -0.30175263, -0.2567831 ,
        -0.31561462, -0.26221691, -0.08221015, -0.19379948, -0.22854834,
        -0.13563279, -0.11462895, -0.22028713, -0.31282222, -0.30003793,
         0.1377055 ,  0.22363553]]), array([-0.7981334, -0.7981334])]
>>>>>>>>>>>>> printing intermediate parameters
[array([[-0.07294683,  0.05125269,  0.02717474,  0.27664667, -0.16433652,
        -0.15602958, -0.05296267,  0.26439665, -0.30175263, -0.2567831 ,
        -0.31561462, -0.26221691, -0.08221015, -0.19379948, -0.22854834,
        -0.13563279, -0.11462895, -0.22028713, -0.31282222, -0.30003793,
         0.1377055 ,  0.22363553],
       [-0.07294683,  0.05125269,  0.02717474,  0.27664667, -0.16433652,
        -0.15602958, -0.05296267,  0.26439665, -0.30175263, -0.2567831 ,
        -0.31561462, -0.26221691, -0.08221015, -0.19379948, -0.22854834,
        -0.13563279, -0.11462895, -0.22028713, -0.31282222, -0.30003793,
         0.1377055 ,  0.22363553]]), array([-0.7981334, -0.7981334])]
Training finished for round 16
>>>>>>>>>>>>> evaluating on client-side
>>>>>>>>>>>>> printing final parameters
[array([[-0.07011194,  0.06349589,  0.03769037,  0.30117692, -0.1708128 ,
        -0.16113858, -0.0497862 ,  0.28235718, -0.31798723, -0.27021206,
        -0.33075353, -0.27341505, -0.08636178, -0.20445721, -0.24098116,
        -0.14083071, -0.12307917, -0.23506491, -0.33526766, -0.32194627,
         0.1462038 ,  0.23615118],
       [-0.07011194,  0.06349589,  0.03769037,  0.30117692, -0.1708128 ,
        -0.16113858, -0.0497862 ,  0.28235718, -0.31798723, -0.27021206,
        -0.33075353, -0.27341505, -0.08636178, -0.20445721, -0.24098116,
        -0.14083071, -0.12307917, -0.23506491, -0.33526766, -0.32194627,
         0.1462038 ,  0.23615118]]), array([-0.85290674, -0.85290674])]
>>>>>>>>>>>>> printing intermediate parameters
[array([[-0.07011194,  0.06349589,  0.03769037,  0.30117692, -0.1708128 ,
        -0.16113858, -0.0497862 ,  0.28235718, -0.31798723, -0.27021206,
        -0.33075353, -0.27341505, -0.08636178, -0.20445721, -0.24098116,
        -0.14083071, -0.12307917, -0.23506491, -0.33526766, -0.32194627,
         0.1462038 ,  0.23615118],
       [-0.07011194,  0.06349589,  0.03769037,  0.30117692, -0.1708128 ,
        -0.16113858, -0.0497862 ,  0.28235718, -0.31798723, -0.27021206,
        -0.33075353, -0.27341505, -0.08636178, -0.20445721, -0.24098116,
        -0.14083071, -0.12307917, -0.23506491, -0.33526766, -0.32194627,
         0.1462038 ,  0.23615118]]), array([-0.85290674, -0.85290674])]
Training finished for round 17
>>>>>>>>>>>>> evaluating on client-side
>>>>>>>>>>>>> printing final parameters
[array([[-0.06338335,  0.07880786,  0.05172055,  0.32631925, -0.17378474,
        -0.16226756, -0.04405025,  0.2988199 , -0.33005155, -0.28120924,
        -0.34055914, -0.28091308, -0.08958998, -0.21255975, -0.25001349,
        -0.1432144 , -0.13097967, -0.24806753, -0.35511284, -0.34160339,
         0.15187321,  0.24496103],
       [-0.06338335,  0.07880786,  0.05172055,  0.32631925, -0.17378474,
        -0.16226756, -0.04405025,  0.2988199 , -0.33005155, -0.28120924,
        -0.34055914, -0.28091308, -0.08958998, -0.21255975, -0.25001349,
        -0.1432144 , -0.13097967, -0.24806753, -0.35511284, -0.34160339,
         0.15187321,  0.24496103]]), array([-0.9035057, -0.9035057])]
>>>>>>>>>>>>> printing intermediate parameters
[array([[-0.06338335,  0.07880786,  0.05172055,  0.32631925, -0.17378474,
        -0.16226756, -0.04405025,  0.2988199 , -0.33005155, -0.28120924,
        -0.34055914, -0.28091308, -0.08958998, -0.21255975, -0.25001349,
        -0.1432144 , -0.13097967, -0.24806753, -0.35511284, -0.34160339,
         0.15187321,  0.24496103],
       [-0.06338335,  0.07880786,  0.05172055,  0.32631925, -0.17378474,
        -0.16226756, -0.04405025,  0.2988199 , -0.33005155, -0.28120924,
        -0.34055914, -0.28091308, -0.08958998, -0.21255975, -0.25001349,
        -0.1432144 , -0.13097967, -0.24806753, -0.35511284, -0.34160339,
         0.15187321,  0.24496103]]), array([-0.9035057, -0.9035057])]
Training finished for round 18
>>>>>>>>>>>>> evaluating on client-side
>>>>>>>>>>>>> printing final parameters
[array([[-0.05668956,  0.09312854,  0.06552614,  0.35080301, -0.17784744,
        -0.16509932, -0.0399072 ,  0.31405436, -0.34233509, -0.29262548,
        -0.35154317, -0.2893911 , -0.09305357, -0.22043151, -0.25901015,
        -0.14525842, -0.13948195, -0.2618591 , -0.3759119 , -0.36225485,
         0.15745234,  0.25440923],
       [-0.05668956,  0.09312854,  0.06552614,  0.35080301, -0.17784744,
        -0.16509932, -0.0399072 ,  0.31405436, -0.34233509, -0.29262548,
        -0.35154317, -0.2893911 , -0.09305357, -0.22043151, -0.25901015,
        -0.14525842, -0.13948195, -0.2618591 , -0.3759119 , -0.36225485,
         0.15745234,  0.25440923]]), array([-0.95526566, -0.95526566])]
>>>>>>>>>>>>> printing intermediate parameters
[array([[-0.05668956,  0.09312854,  0.06552614,  0.35080301, -0.17784744,
        -0.16509932, -0.0399072 ,  0.31405436, -0.34233509, -0.29262548,
        -0.35154317, -0.2893911 , -0.09305357, -0.22043151, -0.25901015,
        -0.14525842, -0.13948195, -0.2618591 , -0.3759119 , -0.36225485,
         0.15745234,  0.25440923],
       [-0.05668956,  0.09312854,  0.06552614,  0.35080301, -0.17784744,
        -0.16509932, -0.0399072 ,  0.31405436, -0.34233509, -0.29262548,
        -0.35154317, -0.2893911 , -0.09305357, -0.22043151, -0.25901015,
        -0.14525842, -0.13948195, -0.2618591 , -0.3759119 , -0.36225485,
         0.15745234,  0.25440923]]), array([-0.95526566, -0.95526566])]
Training finished for round 19
>>>>>>>>>>>>> evaluating on client-side
>>>>>>>>>>>>> printing final parameters
[array([[-0.04992689,  0.10677307,  0.07885291,  0.37495627, -0.18231581,
        -0.16904961, -0.03718529,  0.32902368, -0.35443822, -0.30424111,
        -0.36345119, -0.29840145, -0.09647896, -0.22809139, -0.26790925,
        -0.1470678 , -0.1481805 , -0.27608277, -0.39692177, -0.38307168,
         0.16316975,  0.26444587],
       [-0.04992689,  0.10677307,  0.07885291,  0.37495627, -0.18231581,
        -0.16904961, -0.03718529,  0.32902368, -0.35443822, -0.30424111,
        -0.36345119, -0.29840145, -0.09647896, -0.22809139, -0.26790925,
        -0.1470678 , -0.1481805 , -0.27608277, -0.39692177, -0.38307168,
         0.16316975,  0.26444587]]), array([-1.00716728, -1.00716728])]
>>>>>>>>>>>>> printing intermediate parameters
[array([[-0.04992689,  0.10677307,  0.07885291,  0.37495627, -0.18231581,
        -0.16904961, -0.03718529,  0.32902368, -0.35443822, -0.30424111,
        -0.36345119, -0.29840145, -0.09647896, -0.22809139, -0.26790925,
        -0.1470678 , -0.1481805 , -0.27608277, -0.39692177, -0.38307168,
         0.16316975,  0.26444587],
       [-0.04992689,  0.10677307,  0.07885291,  0.37495627, -0.18231581,
        -0.16904961, -0.03718529,  0.32902368, -0.35443822, -0.30424111,
        -0.36345119, -0.29840145, -0.09647896, -0.22809139, -0.26790925,
        -0.1470678 , -0.1481805 , -0.27608277, -0.39692177, -0.38307168,
         0.16316975,  0.26444587]]), array([-1.00716728, -1.00716728])]
Training finished for round 20
>>>>>>>>>>>>> evaluating on client-side
>>>>>>>>>>>>> printing final parameters
[array([[-0.043797  ,  0.12062513,  0.09119499,  0.40006629, -0.18761885,
        -0.17422454, -0.03467329,  0.34516983, -0.36860907, -0.31691154,
        -0.37758804, -0.30868344, -0.10007502, -0.23700587, -0.27850244,
        -0.15000683, -0.15737913, -0.29145679, -0.41976418, -0.40542092,
         0.17009746,  0.27584599],
       [-0.043797  ,  0.12062513,  0.09119499,  0.40006629, -0.18761885,
        -0.17422454, -0.03467329,  0.34516983, -0.36860907, -0.31691154,
        -0.37758804, -0.30868344, -0.10007502, -0.23700587, -0.27850244,
        -0.15000683, -0.15737913, -0.29145679, -0.41976418, -0.40542092,
         0.17009746,  0.27584599]]), array([-1.06279521, -1.06279521])]
>>>>>>>>>>>>> printing intermediate parameters
[array([[-0.043797  ,  0.12062513,  0.09119499,  0.40006629, -0.18761885,
        -0.17422454, -0.03467329,  0.34516983, -0.36860907, -0.31691154,
        -0.37758804, -0.30868344, -0.10007502, -0.23700587, -0.27850244,
        -0.15000683, -0.15737913, -0.29145679, -0.41976418, -0.40542092,
         0.17009746,  0.27584599],
       [-0.043797  ,  0.12062513,  0.09119499,  0.40006629, -0.18761885,
        -0.17422454, -0.03467329,  0.34516983, -0.36860907, -0.31691154,
        -0.37758804, -0.30868344, -0.10007502, -0.23700587, -0.27850244,
        -0.15000683, -0.15737913, -0.29145679, -0.41976418, -0.40542092,
         0.17009746,  0.27584599]]), array([-1.06279521, -1.06279521])]
Training finished for round 21
>>>>>>>>>>>>> evaluating on client-side
>>>>>>>>>>>>> printing final parameters
[array([[-0.03828566,  0.13492744,  0.10342148,  0.42603413, -0.1935292 ,
        -0.17980872, -0.0318048 ,  0.36252526, -0.38405034, -0.33124397,
        -0.39339781, -0.31969144, -0.10387452, -0.24704941, -0.29047543,
        -0.15405444, -0.16684041, -0.30767494, -0.44398748, -0.42904291,
         0.17818017,  0.28827794],
       [-0.03828566,  0.13492744,  0.10342148,  0.42603413, -0.1935292 ,
        -0.17980872, -0.0318048 ,  0.36252526, -0.38405034, -0.33124397,
        -0.39339781, -0.31969144, -0.10387452, -0.24704941, -0.29047543,
        -0.15405444, -0.16684041, -0.30767494, -0.44398748, -0.42904291,
         0.17818017,  0.28827794]]), array([-1.12212611, -1.12212611])]
>>>>>>>>>>>>> printing intermediate parameters
[array([[-0.03828566,  0.13492744,  0.10342148,  0.42603413, -0.1935292 ,
        -0.17980872, -0.0318048 ,  0.36252526, -0.38405034, -0.33124397,
        -0.39339781, -0.31969144, -0.10387452, -0.24704941, -0.29047543,
        -0.15405444, -0.16684041, -0.30767494, -0.44398748, -0.42904291,
         0.17818017,  0.28827794],
       [-0.03828566,  0.13492744,  0.10342148,  0.42603413, -0.1935292 ,
        -0.17980872, -0.0318048 ,  0.36252526, -0.38405034, -0.33124397,
        -0.39339781, -0.31969144, -0.10387452, -0.24704941, -0.29047543,
        -0.15405444, -0.16684041, -0.30767494, -0.44398748, -0.42904291,
         0.17818017,  0.28827794]]), array([-1.12212611, -1.12212611])]
Training finished for round 22
>>>>>>>>>>>>> evaluating on client-side
>>>>>>>>>>>>> printing final parameters
[array([[-0.03148854,  0.15151845,  0.11766355,  0.45333319, -0.19799065,
        -0.18290864, -0.02627789,  0.38022726, -0.39870611, -0.34497728,
        -0.40688389, -0.3292408 , -0.10731027, -0.25675933, -0.30178737,
        -0.15770137, -0.17597007, -0.32317321, -0.46771175, -0.45233112,
         0.1859232 ,  0.29925002],
       [-0.03148854,  0.15151845,  0.11766355,  0.45333319, -0.19799065,
        -0.18290864, -0.02627789,  0.38022726, -0.39870611, -0.34497728,
        -0.40688389, -0.3292408 , -0.10731027, -0.25675933, -0.30178737,
        -0.15770137, -0.17597007, -0.32317321, -0.46771175, -0.45233112,
         0.1859232 ,  0.29925002]]), array([-1.18177588, -1.18177588])]
>>>>>>>>>>>>> printing intermediate parameters
[array([[-0.03148854,  0.15151845,  0.11766355,  0.45333319, -0.19799065,
        -0.18290864, -0.02627789,  0.38022726, -0.39870611, -0.34497728,
        -0.40688389, -0.3292408 , -0.10731027, -0.25675933, -0.30178737,
        -0.15770137, -0.17597007, -0.32317321, -0.46771175, -0.45233112,
         0.1859232 ,  0.29925002],
       [-0.03148854,  0.15151845,  0.11766355,  0.45333319, -0.19799065,
        -0.18290864, -0.02627789,  0.38022726, -0.39870611, -0.34497728,
        -0.40688389, -0.3292408 , -0.10731027, -0.25675933, -0.30178737,
        -0.15770137, -0.17597007, -0.32317321, -0.46771175, -0.45233112,
         0.1859232 ,  0.29925002]]), array([-1.18177588, -1.18177588])]
Training finished for round 23
>>>>>>>>>>>>> evaluating on client-side
>>>>>>>>>>>>> printing final parameters
[array([[-0.02243955,  0.16991107,  0.13397037,  0.48112174, -0.19952165,
        -0.18260524, -0.0189565 ,  0.39804205, -0.41092195, -0.35595081,
        -0.4164152 , -0.33612574, -0.10992243, -0.26477619, -0.3106784 ,
        -0.15973102, -0.1840328 , -0.33667187, -0.48840331, -0.4728536 ,
         0.1921847 ,  0.30778037],
       [-0.02243955,  0.16991107,  0.13397037,  0.48112174, -0.19952165,
        -0.18260524, -0.0189565 ,  0.39804205, -0.41092195, -0.35595081,
        -0.4164152 , -0.33612574, -0.10992243, -0.26477619, -0.3106784 ,
        -0.15973102, -0.1840328 , -0.33667187, -0.48840331, -0.4728536 ,
         0.1921847 ,  0.30778037]]), array([-1.23699816, -1.23699816])]
>>>>>>>>>>>>> printing intermediate parameters
[array([[-0.02243955,  0.16991107,  0.13397037,  0.48112174, -0.19952165,
        -0.18260524, -0.0189565 ,  0.39804205, -0.41092195, -0.35595081,
        -0.4164152 , -0.33612574, -0.10992243, -0.26477619, -0.3106784 ,
        -0.15973102, -0.1840328 , -0.33667187, -0.48840331, -0.4728536 ,
         0.1921847 ,  0.30778037],
       [-0.02243955,  0.16991107,  0.13397037,  0.48112174, -0.19952165,
        -0.18260524, -0.0189565 ,  0.39804205, -0.41092195, -0.35595081,
        -0.4164152 , -0.33612574, -0.10992243, -0.26477619, -0.3106784 ,
        -0.15973102, -0.1840328 , -0.33667187, -0.48840331, -0.4728536 ,
         0.1921847 ,  0.30778037]]), array([-1.23699816, -1.23699816])]
Training finished for round 24
>>>>>>>>>>>>> evaluating on client-side
>>>>>>>>>>>>> printing final parameters
[array([[-0.01321578,  0.1877824 ,  0.15068697,  0.5088401 , -0.20155252,
        -0.1828381 , -0.01223652,  0.41497139, -0.42235975, -0.36610348,
        -0.42543594, -0.34311704, -0.11240041, -0.27199338, -0.31872595,
        -0.16092588, -0.19212877, -0.35006208, -0.50884954, -0.49329045,
         0.19830492,  0.31628661],
       [-0.01321578,  0.1877824 ,  0.15068697,  0.5088401 , -0.20155252,
        -0.1828381 , -0.01223652,  0.41497139, -0.42235975, -0.36610348,
        -0.42543594, -0.34311704, -0.11240041, -0.27199338, -0.31872595,
        -0.16092588, -0.19212877, -0.35006208, -0.50884954, -0.49329045,
         0.19830492,  0.31628661]]), array([-1.29093681, -1.29093681])]
>>>>>>>>>>>>> printing intermediate parameters
[array([[-0.01321578,  0.1877824 ,  0.15068697,  0.5088401 , -0.20155252,
        -0.1828381 , -0.01223652,  0.41497139, -0.42235975, -0.36610348,
        -0.42543594, -0.34311704, -0.11240041, -0.27199338, -0.31872595,
        -0.16092588, -0.19212877, -0.35006208, -0.50884954, -0.49329045,
         0.19830492,  0.31628661],
       [-0.01321578,  0.1877824 ,  0.15068697,  0.5088401 , -0.20155252,
        -0.1828381 , -0.01223652,  0.41497139, -0.42235975, -0.36610348,
        -0.42543594, -0.34311704, -0.11240041, -0.27199338, -0.31872595,
        -0.16092588, -0.19212877, -0.35006208, -0.50884954, -0.49329045,
         0.19830492,  0.31628661]]), array([-1.29093681, -1.29093681])]
Training finished for round 25
>>>>>>>>>>>>> evaluating on client-side
>>>>>>>>>>>>> printing final parameters
[array([[-0.00312714,  0.20542579,  0.16833689,  0.53578153, -0.202899  ,
        -0.18225895, -0.0059753 ,  0.43083167, -0.43149246, -0.37536619,
        -0.43264428, -0.34921893, -0.11446091, -0.27770552, -0.32486274,
        -0.16082777, -0.19966813, -0.3624777 , -0.52744723, -0.51215998,
         0.2032989 ,  0.32349112],
       [-0.00312714,  0.20542579,  0.16833689,  0.53578153, -0.202899  ,
        -0.18225895, -0.0059753 ,  0.43083167, -0.43149246, -0.37536619,
        -0.43264428, -0.34921893, -0.11446091, -0.27770552, -0.32486274,
        -0.16082777, -0.19966813, -0.3624777 , -0.52744723, -0.51215998,
         0.2032989 ,  0.32349112]]), array([-1.3417765, -1.3417765])]
>>>>>>>>>>>>> printing intermediate parameters
DEBUG flwr 2023-11-03 22:39:37,501 | connection.py:139 | gRPC channel closed
INFO flwr 2023-11-03 22:39:37,501 | app.py:215 | Disconnect and shut down
[array([[-0.00312714,  0.20542579,  0.16833689,  0.53578153, -0.202899  ,
        -0.18225895, -0.0059753 ,  0.43083167, -0.43149246, -0.37536619,
        -0.43264428, -0.34921893, -0.11446091, -0.27770552, -0.32486274,
        -0.16082777, -0.19966813, -0.3624777 , -0.52744723, -0.51215998,
         0.2032989 ,  0.32349112],
       [-0.00312714,  0.20542579,  0.16833689,  0.53578153, -0.202899  ,
        -0.18225895, -0.0059753 ,  0.43083167, -0.43149246, -0.37536619,
        -0.43264428, -0.34921893, -0.11446091, -0.27770552, -0.32486274,
        -0.16082777, -0.19966813, -0.3624777 , -0.52744723, -0.51215998,
         0.2032989 ,  0.32349112]]), array([-1.3417765, -1.3417765])]
Training finished for round 26
>>>>>>>>>>>>> evaluating on client-side
>>>>>>>>>>>>> printing final parameters
[array([[ 7.83195641e-03,  2.23374968e-01,  1.86501137e-01,
         5.62080595e-01, -2.03207237e-01, -1.80696931e-01,
         3.65058182e-04,  4.45849347e-01, -4.39322231e-01,
        -3.83603610e-01, -4.38668706e-01, -3.54151906e-01,
        -1.16104185e-01, -2.82451799e-01, -3.29758639e-01,
        -1.59989710e-01, -2.06737821e-01, -3.74015255e-01,
        -5.44550188e-01, -5.29644299e-01,  2.07323126e-01,
         3.29591981e-01],
       [ 7.83195641e-03,  2.23374968e-01,  1.86501137e-01,
         5.62080595e-01, -2.03207237e-01, -1.80696931e-01,
         3.65058182e-04,  4.45849347e-01, -4.39322231e-01,
        -3.83603610e-01, -4.38668706e-01, -3.54151906e-01,
        -1.16104185e-01, -2.82451799e-01, -3.29758639e-01,
        -1.59989710e-01, -2.06737821e-01, -3.74015255e-01,
        -5.44550188e-01, -5.29644299e-01,  2.07323126e-01,
         3.29591981e-01]]), array([-1.39035945, -1.39035945])]
>>>>>>>>>>>>> printing intermediate parameters
[array([[ 7.83195641e-03,  2.23374968e-01,  1.86501137e-01,
         5.62080595e-01, -2.03207237e-01, -1.80696931e-01,
         3.65058182e-04,  4.45849347e-01, -4.39322231e-01,
        -3.83603610e-01, -4.38668706e-01, -3.54151906e-01,
        -1.16104185e-01, -2.82451799e-01, -3.29758639e-01,
        -1.59989710e-01, -2.06737821e-01, -3.74015255e-01,
        -5.44550188e-01, -5.29644299e-01,  2.07323126e-01,
         3.29591981e-01],
       [ 7.83195641e-03,  2.23374968e-01,  1.86501137e-01,
         5.62080595e-01, -2.03207237e-01, -1.80696931e-01,
         3.65058182e-04,  4.45849347e-01, -4.39322231e-01,
        -3.83603610e-01, -4.38668706e-01, -3.54151906e-01,
        -1.16104185e-01, -2.82451799e-01, -3.29758639e-01,
        -1.59989710e-01, -2.06737821e-01, -3.74015255e-01,
        -5.44550188e-01, -5.29644299e-01,  2.07323126e-01,
         3.29591981e-01]]), array([-1.39035945, -1.39035945])]
Training finished for round 27
>>>>>>>>>>>>> evaluating on client-side
>>>>>>>>>>>>> printing final parameters
[array([[ 0.0196733 ,  0.24185865,  0.20519049,  0.58798733, -0.20239291,
        -0.17821974,  0.00683378,  0.46047868, -0.44639051, -0.3911825 ,
        -0.44396059, -0.35823403, -0.11740287, -0.28663247, -0.33389716,
        -0.15873077, -0.21349928, -0.38494762, -0.56055689, -0.5460493 ,
         0.21069728,  0.33490759],
       [ 0.0196733 ,  0.24185865,  0.20519049,  0.58798733, -0.20239291,
        -0.17821974,  0.00683378,  0.46047868, -0.44639051, -0.3911825 ,
        -0.44396059, -0.35823403, -0.11740287, -0.28663247, -0.33389716,
        -0.15873077, -0.21349928, -0.38494762, -0.56055689, -0.5460493 ,
         0.21069728,  0.33490759]]), array([-1.43785561, -1.43785561])]
>>>>>>>>>>>>> printing intermediate parameters
[array([[ 0.0196733 ,  0.24185865,  0.20519049,  0.58798733, -0.20239291,
        -0.17821974,  0.00683378,  0.46047868, -0.44639051, -0.3911825 ,
        -0.44396059, -0.35823403, -0.11740287, -0.28663247, -0.33389716,
        -0.15873077, -0.21349928, -0.38494762, -0.56055689, -0.5460493 ,
         0.21069728,  0.33490759],
       [ 0.0196733 ,  0.24185865,  0.20519049,  0.58798733, -0.20239291,
        -0.17821974,  0.00683378,  0.46047868, -0.44639051, -0.3911825 ,
        -0.44396059, -0.35823403, -0.11740287, -0.28663247, -0.33389716,
        -0.15873077, -0.21349928, -0.38494762, -0.56055689, -0.5460493 ,
         0.21069728,  0.33490759]]), array([-1.43785561, -1.43785561])]
Training finished for round 28
>>>>>>>>>>>>> evaluating on client-side
>>>>>>>>>>>>> printing final parameters
[array([[ 0.03218916,  0.26067065,  0.22429401,  0.6136744 , -0.20071864,
        -0.17501535,  0.01355814,  0.47454337, -0.45311263, -0.39808536,
        -0.44873826, -0.36180826, -0.11843272, -0.2903749 , -0.33750186,
        -0.157283  , -0.21992284, -0.39533537, -0.57573126, -0.56163533,
         0.21373849,  0.33973276],
       [ 0.03218916,  0.26067065,  0.22429401,  0.6136744 , -0.20071864,
        -0.17501535,  0.01355814,  0.47454337, -0.45311263, -0.39808536,
        -0.44873826, -0.36180826, -0.11843272, -0.2903749 , -0.33750186,
        -0.157283  , -0.21992284, -0.39533537, -0.57573126, -0.56163533,
         0.21373849,  0.33973276]]), array([-1.48466593, -1.48466593])]
>>>>>>>>>>>>> printing intermediate parameters
[array([[ 0.03218916,  0.26067065,  0.22429401,  0.6136744 , -0.20071864,
        -0.17501535,  0.01355814,  0.47454337, -0.45311263, -0.39808536,
        -0.44873826, -0.36180826, -0.11843272, -0.2903749 , -0.33750186,
        -0.157283  , -0.21992284, -0.39533537, -0.57573126, -0.56163533,
         0.21373849,  0.33973276],
       [ 0.03218916,  0.26067065,  0.22429401,  0.6136744 , -0.20071864,
        -0.17501535,  0.01355814,  0.47454337, -0.45311263, -0.39808536,
        -0.44873826, -0.36180826, -0.11843272, -0.2903749 , -0.33750186,
        -0.157283  , -0.21992284, -0.39533537, -0.57573126, -0.56163533,
         0.21373849,  0.33973276]]), array([-1.48466593, -1.48466593])]
Training finished for round 29
>>>>>>>>>>>>> evaluating on client-side
>>>>>>>>>>>>> printing final parameters
[array([[ 0.04572662,  0.27962699,  0.2442041 ,  0.63894365, -0.19795222,
        -0.1713097 ,  0.01978876,  0.48829675, -0.45953833, -0.40435608,
        -0.4534886 , -0.36493068, -0.11914799, -0.2936012 , -0.34056897,
        -0.15562771, -0.22597356, -0.40535344, -0.59002734, -0.57628771,
         0.2167573 ,  0.3444616 ],
       [ 0.04572662,  0.27962699,  0.2442041 ,  0.63894365, -0.19795222,
        -0.1713097 ,  0.01978876,  0.48829675, -0.45953833, -0.40435608,
        -0.4534886 , -0.36493068, -0.11914799, -0.2936012 , -0.34056897,
        -0.15562771, -0.22597356, -0.40535344, -0.59002734, -0.57628771,
         0.2167573 ,  0.3444616 ]]), array([-1.53122886, -1.53122886])]
>>>>>>>>>>>>> printing intermediate parameters
[array([[ 0.04572662,  0.27962699,  0.2442041 ,  0.63894365, -0.19795222,
        -0.1713097 ,  0.01978876,  0.48829675, -0.45953833, -0.40435608,
        -0.4534886 , -0.36493068, -0.11914799, -0.2936012 , -0.34056897,
        -0.15562771, -0.22597356, -0.40535344, -0.59002734, -0.57628771,
         0.2167573 ,  0.3444616 ],
       [ 0.04572662,  0.27962699,  0.2442041 ,  0.63894365, -0.19795222,
        -0.1713097 ,  0.01978876,  0.48829675, -0.45953833, -0.40435608,
        -0.4534886 , -0.36493068, -0.11914799, -0.2936012 , -0.34056897,
        -0.15562771, -0.22597356, -0.40535344, -0.59002734, -0.57628771,
         0.2167573 ,  0.3444616 ]]), array([-1.53122886, -1.53122886])]
Training finished for round 30
>>>>>>>>>>>>> evaluating on client-side
>>>>>>>>>>>>> printing final parameters
[array([[ 0.05773572,  0.29901768,  0.26338002,  0.666343  , -0.19794334,
        -0.16904298,  0.02723309,  0.50275324, -0.46749017, -0.41199091,
        -0.45896327, -0.36953069, -0.12044517, -0.29807047, -0.34506802,
        -0.15458181, -0.23315368, -0.41686412, -0.60747855, -0.59427408,
         0.22031287,  0.34981458],
       [ 0.05773572,  0.29901768,  0.26338002,  0.666343  , -0.19794334,
        -0.16904298,  0.02723309,  0.50275324, -0.46749017, -0.41199091,
        -0.45896327, -0.36953069, -0.12044517, -0.29807047, -0.34506802,
        -0.15458181, -0.23315368, -0.41686412, -0.60747855, -0.59427408,
         0.22031287,  0.34981458]]), array([-1.5817821, -1.5817821])]
