INFO flwr 2023-11-03 22:39:19,200 | grpc.py:49 | Opened insecure gRPC connection (no certificates were passed)
DEBUG flwr 2023-11-03 22:39:19,202 | connection.py:42 | ChannelConnectivity.IDLE
DEBUG flwr 2023-11-03 22:39:19,203 | connection.py:42 | ChannelConnectivity.CONNECTING
DEBUG flwr 2023-11-03 22:39:19,204 | connection.py:42 | ChannelConnectivity.READY
===================
['AGE_[41.0, 57.0)', 'AGE_[57.0, 67.0)', 'AGE_[67.0, 78.0)', 'AGE_[78.0, 206.0)', 'PULSE_[68.5, 77.5)', 'PULSE_[77.5, 85.5)', 'PULSE_[85.5, 98.0)', 'PULSE_[98.0, 345.0)', 'RESPIRATION_[16.0, 18.0)', 'RESPIRATION_[18.0, 146.0)', 'SAO2_[97.0, 98.5)', 'SAO2_[98.5, 200.0)', 'BPDIASTOLIC_[62.5, 70.5)', 'BPDIASTOLIC_[70.5, 76.5)', 'BPDIASTOLIC_[76.5, 85.5)', 'BPDIASTOLIC_[85.5, 278.0)', 'BPSYSTOLIC_[113.5, 126.0)', 'BPSYSTOLIC_[126.0, 137.0)', 'BPSYSTOLIC_[137.0, 153.0)', 'BPSYSTOLIC_[153.0, 375.0)', 'GENDER_M_1.0']
===================
>>>>>>>>>>>>> setting initial parameters
[[0. 0. 0. 0. 0. 0. 0. 0. 0. 0. 0. 0. 0. 0. 0. 0. 0. 0. 0. 0. 0.]
 [0. 0. 0. 0. 0. 0. 0. 0. 0. 0. 0. 0. 0. 0. 0. 0. 0. 0. 0. 0. 0.]]
>>>>>>>>>>>>> printing intermediate parameters
[array([[0., 0., 0., 0., 0., 0., 0., 0., 0., 0., 0., 0., 0., 0., 0., 0.,
        0., 0., 0., 0., 0.],
       [0., 0., 0., 0., 0., 0., 0., 0., 0., 0., 0., 0., 0., 0., 0., 0.,
        0., 0., 0., 0., 0.]]), array([0., 0.])]
Training finished for round 1
>>>>>>>>>>>>> evaluating on client-side
>>>>>>>>>>>>> printing final parameters
[array([[-0.00950098, -0.00215323, -0.00294765,  0.01739374, -0.01288188,
        -0.01284026, -0.0075935 ,  0.01738666, -0.02227256, -0.01637623,
        -0.02323975, -0.02132786, -0.00598635, -0.01362595, -0.01607909,
        -0.01046329, -0.00702893, -0.01385366, -0.01832902, -0.0169307 ,
         0.00946038],
       [-0.00950098, -0.00215323, -0.00294765,  0.01739374, -0.01288188,
        -0.01284026, -0.0075935 ,  0.01738666, -0.02227256, -0.01637623,
        -0.02323975, -0.02132786, -0.00598635, -0.01362595, -0.01607909,
        -0.01046329, -0.00702893, -0.01385366, -0.01832902, -0.0169307 ,
         0.00946038]]), array([-0.04908986, -0.04908986])]
>>>>>>>>>>>>> printing intermediate parameters
[array([[-0.00950098, -0.00215323, -0.00294765,  0.01739374, -0.01288188,
        -0.01284026, -0.0075935 ,  0.01738666, -0.02227256, -0.01637623,
        -0.02323975, -0.02132786, -0.00598635, -0.01362595, -0.01607909,
        -0.01046329, -0.00702893, -0.01385366, -0.01832902, -0.0169307 ,
         0.00946038],
       [-0.00950098, -0.00215323, -0.00294765,  0.01739374, -0.01288188,
        -0.01284026, -0.0075935 ,  0.01738666, -0.02227256, -0.01637623,
        -0.02323975, -0.02132786, -0.00598635, -0.01362595, -0.01607909,
        -0.01046329, -0.00702893, -0.01385366, -0.01832902, -0.0169307 ,
         0.00946038]]), array([-0.04908986, -0.04908986])]
Training finished for round 2
>>>>>>>>>>>>> evaluating on client-side
>>>>>>>>>>>>> printing final parameters
[array([[-0.01863861, -0.00358199, -0.00507158,  0.03555708, -0.02558187,
        -0.02542387, -0.01464967,  0.03505722, -0.04406477, -0.0329722 ,
        -0.04645408, -0.04210943, -0.01195368, -0.02737081, -0.03232031,
        -0.02091836, -0.01411955, -0.02789473, -0.03710923, -0.03425655,
         0.01946145],
       [-0.01863861, -0.00358199, -0.00507158,  0.03555708, -0.02558187,
        -0.02542387, -0.01464967,  0.03505722, -0.04406477, -0.0329722 ,
        -0.04645408, -0.04210943, -0.01195368, -0.02737081, -0.03232031,
        -0.02091836, -0.01411955, -0.02789473, -0.03710923, -0.03425655,
         0.01946145]]), array([-0.09850457, -0.09850457])]
>>>>>>>>>>>>> printing intermediate parameters
[array([[-0.01863861, -0.00358199, -0.00507158,  0.03555708, -0.02558187,
        -0.02542387, -0.01464967,  0.03505722, -0.04406477, -0.0329722 ,
        -0.04645408, -0.04210943, -0.01195368, -0.02737081, -0.03232031,
        -0.02091836, -0.01411955, -0.02789473, -0.03710923, -0.03425655,
         0.01946145],
       [-0.01863861, -0.00358199, -0.00507158,  0.03555708, -0.02558187,
        -0.02542387, -0.01464967,  0.03505722, -0.04406477, -0.0329722 ,
        -0.04645408, -0.04210943, -0.01195368, -0.02737081, -0.03232031,
        -0.02091836, -0.01411955, -0.02789473, -0.03710923, -0.03425655,
         0.01946145]]), array([-0.09850457, -0.09850457])]
Training finished for round 3
>>>>>>>>>>>>> evaluating on client-side
>>>>>>>>>>>>> printing final parameters
[array([[-0.02751007, -0.00435772, -0.00624934,  0.05447134, -0.03810216,
        -0.03766517, -0.02109062,  0.0529921 , -0.06546001, -0.04968913,
        -0.06956533, -0.0623317 , -0.01794643, -0.04125007, -0.04871438,
        -0.0313872 , -0.02126188, -0.04205857, -0.05624717, -0.05191952,
         0.02999054],
       [-0.02751007, -0.00435772, -0.00624934,  0.05447134, -0.03810216,
        -0.03766517, -0.02109062,  0.0529921 , -0.06546001, -0.04968913,
        -0.06956533, -0.0623317 , -0.01794643, -0.04125007, -0.04871438,
        -0.0313872 , -0.02126188, -0.04205857, -0.05624717, -0.05191952,
         0.02999054]]), array([-0.14814489, -0.14814489])]
>>>>>>>>>>>>> printing intermediate parameters
[array([[-0.02751007, -0.00435772, -0.00624934,  0.05447134, -0.03810216,
        -0.03766517, -0.02109062,  0.0529921 , -0.06546001, -0.04968913,
        -0.06956533, -0.0623317 , -0.01794643, -0.04125007, -0.04871438,
        -0.0313872 , -0.02126188, -0.04205857, -0.05624717, -0.05191952,
         0.02999054],
       [-0.02751007, -0.00435772, -0.00624934,  0.05447134, -0.03810216,
        -0.03766517, -0.02109062,  0.0529921 , -0.06546001, -0.04968913,
        -0.06956533, -0.0623317 , -0.01794643, -0.04125007, -0.04871438,
        -0.0313872 , -0.02126188, -0.04205857, -0.05624717, -0.05191952,
         0.02999054]]), array([-0.14814489, -0.14814489])]
Training finished for round 4
>>>>>>>>>>>>> evaluating on client-side
>>>>>>>>>>>>> printing final parameters
[array([[-0.03613805, -0.00453158, -0.00648859,  0.07407408, -0.05044802,
        -0.0495441 , -0.02691415,  0.07115601, -0.0865593 , -0.06643446,
        -0.09256062, -0.08200175, -0.02398719, -0.05524831, -0.06522598,
        -0.04185439, -0.02846112, -0.0563127 , -0.07567944, -0.06988295,
         0.0409377 ],
       [-0.03613805, -0.00453158, -0.00648859,  0.07407408, -0.05044802,
        -0.0495441 , -0.02691415,  0.07115601, -0.0865593 , -0.06643446,
        -0.09256062, -0.08200175, -0.02398719, -0.05524831, -0.06522598,
        -0.04185439, -0.02846112, -0.0563127 , -0.07567944, -0.06988295,
         0.0409377 ]]), array([-0.19798783, -0.19798783])]
>>>>>>>>>>>>> printing intermediate parameters
[array([[-0.03613805, -0.00453158, -0.00648859,  0.07407408, -0.05044802,
        -0.0495441 , -0.02691415,  0.07115601, -0.0865593 , -0.06643446,
        -0.09256062, -0.08200175, -0.02398719, -0.05524831, -0.06522598,
        -0.04185439, -0.02846112, -0.0563127 , -0.07567944, -0.06988295,
         0.0409377 ],
       [-0.03613805, -0.00453158, -0.00648859,  0.07407408, -0.05044802,
        -0.0495441 , -0.02691415,  0.07115601, -0.0865593 , -0.06643446,
        -0.09256062, -0.08200175, -0.02398719, -0.05524831, -0.06522598,
        -0.04185439, -0.02846112, -0.0563127 , -0.07567944, -0.06988295,
         0.0409377 ]]), array([-0.19798783, -0.19798783])]
Training finished for round 5
>>>>>>>>>>>>> evaluating on client-side
>>>>>>>>>>>>> printing final parameters
[array([[-0.04436002, -0.00401522, -0.00589099,  0.09432887, -0.06259187,
        -0.06111302, -0.03217454,  0.08950059, -0.10739641, -0.08314388,
        -0.11547565, -0.10109493, -0.03005645, -0.06930355, -0.08179159,
        -0.05222667, -0.03576193, -0.07069674, -0.09544679, -0.0881844 ,
         0.05212027],
       [-0.04436002, -0.00401522, -0.00589099,  0.09432887, -0.06259187,
        -0.06111302, -0.03217454,  0.08950059, -0.10739641, -0.08314388,
        -0.11547565, -0.10109493, -0.03005645, -0.06930355, -0.08179159,
        -0.05222667, -0.03576193, -0.07069674, -0.09544679, -0.0881844 ,
         0.05212027]]), array([-0.2481395, -0.2481395])]
>>>>>>>>>>>>> printing intermediate parameters
[array([[-0.04436002, -0.00401522, -0.00589099,  0.09432887, -0.06259187,
        -0.06111302, -0.03217454,  0.08950059, -0.10739641, -0.08314388,
        -0.11547565, -0.10109493, -0.03005645, -0.06930355, -0.08179159,
        -0.05222667, -0.03576193, -0.07069674, -0.09544679, -0.0881844 ,
         0.05212027],
       [-0.04436002, -0.00401522, -0.00589099,  0.09432887, -0.06259187,
        -0.06111302, -0.03217454,  0.08950059, -0.10739641, -0.08314388,
        -0.11547565, -0.10109493, -0.03005645, -0.06930355, -0.08179159,
        -0.05222667, -0.03576193, -0.07069674, -0.09544679, -0.0881844 ,
         0.05212027]]), array([-0.2481395, -0.2481395])]
Training finished for round 6
>>>>>>>>>>>>> evaluating on client-side
>>>>>>>>>>>>> printing final parameters
[array([[-0.05163849, -0.00230426, -0.00423869,  0.11537858, -0.07432241,
        -0.07228872, -0.03668857,  0.10784629, -0.12772814, -0.09970986,
        -0.13815934, -0.11925694, -0.03610754, -0.08327358, -0.09827161,
        -0.06224631, -0.04328601, -0.08529538, -0.11573811, -0.10699256,
         0.06326827],
       [-0.05163849, -0.00230426, -0.00423869,  0.11537858, -0.07432241,
        -0.07228872, -0.03668857,  0.10784629, -0.12772814, -0.09970986,
        -0.13815934, -0.11925694, -0.03610754, -0.08327358, -0.09827161,
        -0.06224631, -0.04328601, -0.08529538, -0.11573811, -0.10699256,
         0.06326827]]), array([-0.29874182, -0.29874182])]
>>>>>>>>>>>>> printing intermediate parameters
[array([[-0.05163849, -0.00230426, -0.00423869,  0.11537858, -0.07432241,
        -0.07228872, -0.03668857,  0.10784629, -0.12772814, -0.09970986,
        -0.13815934, -0.11925694, -0.03610754, -0.08327358, -0.09827161,
        -0.06224631, -0.04328601, -0.08529538, -0.11573811, -0.10699256,
         0.06326827],
       [-0.05163849, -0.00230426, -0.00423869,  0.11537858, -0.07432241,
        -0.07228872, -0.03668857,  0.10784629, -0.12772814, -0.09970986,
        -0.13815934, -0.11925694, -0.03610754, -0.08327358, -0.09827161,
        -0.06224631, -0.04328601, -0.08529538, -0.11573811, -0.10699256,
         0.06326827]]), array([-0.29874182, -0.29874182])]
Training finished for round 7
>>>>>>>>>>>>> evaluating on client-side
>>>>>>>>>>>>> printing final parameters
[array([[-0.05638501,  0.00216136, -0.00020726,  0.13778084, -0.08476813,
        -0.08231975, -0.0394507 ,  0.12552055, -0.14681259, -0.1149737 ,
        -0.15924024, -0.13523141, -0.04195745, -0.09659629, -0.11402002,
        -0.0710077 , -0.05130679, -0.10000398, -0.13670183, -0.12648887,
         0.07365607],
       [-0.05638501,  0.00216136, -0.00020726,  0.13778084, -0.08476813,
        -0.08231975, -0.0394507 ,  0.12552055, -0.14681259, -0.1149737 ,
        -0.15924024, -0.13523141, -0.04195745, -0.09659629, -0.11402002,
        -0.0710077 , -0.05130679, -0.10000398, -0.13670183, -0.12648887,
         0.07365607]]), array([-0.34920638, -0.34920638])]
>>>>>>>>>>>>> printing intermediate parameters
[array([[-0.05638501,  0.00216136, -0.00020726,  0.13778084, -0.08476813,
        -0.08231975, -0.0394507 ,  0.12552055, -0.14681259, -0.1149737 ,
        -0.15924024, -0.13523141, -0.04195745, -0.09659629, -0.11402002,
        -0.0710077 , -0.05130679, -0.10000398, -0.13670183, -0.12648887,
         0.07365607],
       [-0.05638501,  0.00216136, -0.00020726,  0.13778084, -0.08476813,
        -0.08231975, -0.0394507 ,  0.12552055, -0.14681259, -0.1149737 ,
        -0.15924024, -0.13523141, -0.04195745, -0.09659629, -0.11402002,
        -0.0710077 , -0.05130679, -0.10000398, -0.13670183, -0.12648887,
         0.07365607]]), array([-0.34920638, -0.34920638])]
Training finished for round 8
>>>>>>>>>>>>> evaluating on client-side
>>>>>>>>>>>>> printing final parameters
[array([[-0.06175794,  0.00655823,  0.00439549,  0.16046624, -0.09548678,
        -0.09218539, -0.04182867,  0.14348167, -0.16594333, -0.13175866,
        -0.18126111, -0.15125579, -0.04815612, -0.11053636, -0.13039793,
        -0.08047113, -0.05939164, -0.11502507, -0.15808885, -0.14642748,
         0.08427598],
       [-0.06175794,  0.00655823,  0.00439549,  0.16046624, -0.09548678,
        -0.09218539, -0.04182867,  0.14348167, -0.16594333, -0.13175866,
        -0.18126111, -0.15125579, -0.04815612, -0.11053636, -0.13039793,
        -0.08047113, -0.05939164, -0.11502507, -0.15808885, -0.14642748,
         0.08427598]]), array([-0.4012277, -0.4012277])]
>>>>>>>>>>>>> printing intermediate parameters
[array([[-0.06175794,  0.00655823,  0.00439549,  0.16046624, -0.09548678,
        -0.09218539, -0.04182867,  0.14348167, -0.16594333, -0.13175866,
        -0.18126111, -0.15125579, -0.04815612, -0.11053636, -0.13039793,
        -0.08047113, -0.05939164, -0.11502507, -0.15808885, -0.14642748,
         0.08427598],
       [-0.06175794,  0.00655823,  0.00439549,  0.16046624, -0.09548678,
        -0.09218539, -0.04182867,  0.14348167, -0.16594333, -0.13175866,
        -0.18126111, -0.15125579, -0.04815612, -0.11053636, -0.13039793,
        -0.08047113, -0.05939164, -0.11502507, -0.15808885, -0.14642748,
         0.08427598]]), array([-0.4012277, -0.4012277])]
Training finished for round 9
>>>>>>>>>>>>> evaluating on client-side
>>>>>>>>>>>>> printing final parameters
[array([[-0.06620073,  0.01326483,  0.01171207,  0.18417947, -0.10503351,
        -0.09989517, -0.04155788,  0.16105381, -0.18495408, -0.14807021,
        -0.20151201, -0.16593657, -0.05447858, -0.12460418, -0.14669173,
        -0.08991828, -0.06771989, -0.129818  , -0.17942039, -0.16625601,
         0.09370149],
       [-0.06620073,  0.01326483,  0.01171207,  0.18417947, -0.10503351,
        -0.09989517, -0.04155788,  0.16105381, -0.18495408, -0.14807021,
        -0.20151201, -0.16593657, -0.05447858, -0.12460418, -0.14669173,
        -0.08991828, -0.06771989, -0.129818  , -0.17942039, -0.16625601,
         0.09370149]]), array([-0.45390841, -0.45390841])]
>>>>>>>>>>>>> printing intermediate parameters
[array([[-0.06620073,  0.01326483,  0.01171207,  0.18417947, -0.10503351,
        -0.09989517, -0.04155788,  0.16105381, -0.18495408, -0.14807021,
        -0.20151201, -0.16593657, -0.05447858, -0.12460418, -0.14669173,
        -0.08991828, -0.06771989, -0.129818  , -0.17942039, -0.16625601,
         0.09370149],
       [-0.06620073,  0.01326483,  0.01171207,  0.18417947, -0.10503351,
        -0.09989517, -0.04155788,  0.16105381, -0.18495408, -0.14807021,
        -0.20151201, -0.16593657, -0.05447858, -0.12460418, -0.14669173,
        -0.08991828, -0.06771989, -0.129818  , -0.17942039, -0.16625601,
         0.09370149]]), array([-0.45390841, -0.45390841])]
Training finished for round 10
>>>>>>>>>>>>> evaluating on client-side
>>>>>>>>>>>>> printing final parameters
[array([[-0.07060456,  0.01930477,  0.01838205,  0.20810505, -0.1152516 ,
        -0.10897987, -0.0425683 ,  0.17886382, -0.20341554, -0.16607989,
        -0.22357824, -0.18106073, -0.06095663, -0.13890437, -0.16342025,
        -0.09943264, -0.07630348, -0.14540935, -0.20188581, -0.18728234,
         0.10415122],
       [-0.07060456,  0.01930477,  0.01838205,  0.20810505, -0.1152516 ,
        -0.10897987, -0.0425683 ,  0.17886382, -0.20341554, -0.16607989,
        -0.22357824, -0.18106073, -0.06095663, -0.13890437, -0.16342025,
        -0.09943264, -0.07630348, -0.14540935, -0.20188581, -0.18728234,
         0.10415122]]), array([-0.50820653, -0.50820653])]
>>>>>>>>>>>>> printing intermediate parameters
[array([[-0.07060456,  0.01930477,  0.01838205,  0.20810505, -0.1152516 ,
        -0.10897987, -0.0425683 ,  0.17886382, -0.20341554, -0.16607989,
        -0.22357824, -0.18106073, -0.06095663, -0.13890437, -0.16342025,
        -0.09943264, -0.07630348, -0.14540935, -0.20188581, -0.18728234,
         0.10415122],
       [-0.07060456,  0.01930477,  0.01838205,  0.20810505, -0.1152516 ,
        -0.10897987, -0.0425683 ,  0.17886382, -0.20341554, -0.16607989,
        -0.22357824, -0.18106073, -0.06095663, -0.13890437, -0.16342025,
        -0.09943264, -0.07630348, -0.14540935, -0.20188581, -0.18728234,
         0.10415122]]), array([-0.50820653, -0.50820653])]
Training finished for round 11
>>>>>>>>>>>>> evaluating on client-side
>>>>>>>>>>>>> printing final parameters
[array([[-0.07136667,  0.0282872 ,  0.02683727,  0.23309678, -0.12388793,
        -0.11719921, -0.04251296,  0.19553468, -0.22079994, -0.18174815,
        -0.24331188, -0.19446745, -0.06688954, -0.15181933, -0.17864192,
        -0.10680421, -0.08561203, -0.16112249, -0.22486661, -0.20882171,
         0.11285186],
       [-0.07136667,  0.0282872 ,  0.02683727,  0.23309678, -0.12388793,
        -0.11719921, -0.04251296,  0.19553468, -0.22079994, -0.18174815,
        -0.24331188, -0.19446745, -0.06688954, -0.15181933, -0.17864192,
        -0.10680421, -0.08561203, -0.16112249, -0.22486661, -0.20882171,
         0.11285186]]), array([-0.56229563, -0.56229563])]
>>>>>>>>>>>>> printing intermediate parameters
[array([[-0.07136667,  0.0282872 ,  0.02683727,  0.23309678, -0.12388793,
        -0.11719921, -0.04251296,  0.19553468, -0.22079994, -0.18174815,
        -0.24331188, -0.19446745, -0.06688954, -0.15181933, -0.17864192,
        -0.10680421, -0.08561203, -0.16112249, -0.22486661, -0.20882171,
         0.11285186],
       [-0.07136667,  0.0282872 ,  0.02683727,  0.23309678, -0.12388793,
        -0.11719921, -0.04251296,  0.19553468, -0.22079994, -0.18174815,
        -0.24331188, -0.19446745, -0.06688954, -0.15181933, -0.17864192,
        -0.10680421, -0.08561203, -0.16112249, -0.22486661, -0.20882171,
         0.11285186]]), array([-0.56229563, -0.56229563])]
Training finished for round 12
>>>>>>>>>>>>> evaluating on client-side
>>>>>>>>>>>>> printing final parameters
[array([[-0.07292566,  0.03702912,  0.03504875,  0.25868471, -0.13293914,
        -0.1256981 , -0.04269624,  0.21320433, -0.23843263, -0.19854991,
        -0.26385862, -0.20865205, -0.07277195, -0.16533499, -0.19460976,
        -0.11492139, -0.09477251, -0.17718196, -0.24822628, -0.23057716,
         0.12287726],
       [-0.07292566,  0.03702912,  0.03504875,  0.25868471, -0.13293914,
        -0.1256981 , -0.04269624,  0.21320433, -0.23843263, -0.19854991,
        -0.26385862, -0.20865205, -0.07277195, -0.16533499, -0.19460976,
        -0.11492139, -0.09477251, -0.17718196, -0.24822628, -0.23057716,
         0.12287726]]), array([-0.61760928, -0.61760928])]
>>>>>>>>>>>>> printing intermediate parameters
[array([[-0.07292566,  0.03702912,  0.03504875,  0.25868471, -0.13293914,
        -0.1256981 , -0.04269624,  0.21320433, -0.23843263, -0.19854991,
        -0.26385862, -0.20865205, -0.07277195, -0.16533499, -0.19460976,
        -0.11492139, -0.09477251, -0.17718196, -0.24822628, -0.23057716,
         0.12287726],
       [-0.07292566,  0.03702912,  0.03504875,  0.25868471, -0.13293914,
        -0.1256981 , -0.04269624,  0.21320433, -0.23843263, -0.19854991,
        -0.26385862, -0.20865205, -0.07277195, -0.16533499, -0.19460976,
        -0.11492139, -0.09477251, -0.17718196, -0.24822628, -0.23057716,
         0.12287726]]), array([-0.61760928, -0.61760928])]
Training finished for round 13
>>>>>>>>>>>>> evaluating on client-side
>>>>>>>>>>>>> printing final parameters
[array([[-0.07497721,  0.04635051,  0.04448312,  0.28507291, -0.1417517 ,
        -0.13322045, -0.04175967,  0.23148752, -0.25602279, -0.21586528,
        -0.28395893, -0.22266166, -0.07873173, -0.17935835, -0.21101379,
        -0.12365048, -0.10371986, -0.19312097, -0.27146002, -0.25221119,
         0.13361854],
       [-0.07497721,  0.04635051,  0.04448312,  0.28507291, -0.1417517 ,
        -0.13322045, -0.04175967,  0.23148752, -0.25602279, -0.21586528,
        -0.28395893, -0.22266166, -0.07873173, -0.17935835, -0.21101379,
        -0.12365048, -0.10371986, -0.19312097, -0.27146002, -0.25221119,
         0.13361854]]), array([-0.67341501, -0.67341501])]
>>>>>>>>>>>>> printing intermediate parameters
[array([[-0.07497721,  0.04635051,  0.04448312,  0.28507291, -0.1417517 ,
        -0.13322045, -0.04175967,  0.23148752, -0.25602279, -0.21586528,
        -0.28395893, -0.22266166, -0.07873173, -0.17935835, -0.21101379,
        -0.12365048, -0.10371986, -0.19312097, -0.27146002, -0.25221119,
         0.13361854],
       [-0.07497721,  0.04635051,  0.04448312,  0.28507291, -0.1417517 ,
        -0.13322045, -0.04175967,  0.23148752, -0.25602279, -0.21586528,
        -0.28395893, -0.22266166, -0.07873173, -0.17935835, -0.21101379,
        -0.12365048, -0.10371986, -0.19312097, -0.27146002, -0.25221119,
         0.13361854]]), array([-0.67341501, -0.67341501])]
Training finished for round 14
>>>>>>>>>>>>> evaluating on client-side
>>>>>>>>>>>>> printing final parameters
[array([[-0.07627142,  0.05704318,  0.05503568,  0.31234864, -0.14971389,
        -0.13942242, -0.03961942,  0.25018578, -0.2739042 , -0.23178929,
        -0.30251429, -0.23621745, -0.08450651, -0.19315258, -0.22698102,
        -0.13206323, -0.11259729, -0.20866113, -0.29414355, -0.27334591,
         0.14372936],
       [-0.07627142,  0.05704318,  0.05503568,  0.31234864, -0.14971389,
        -0.13942242, -0.03961942,  0.25018578, -0.2739042 , -0.23178929,
        -0.30251429, -0.23621745, -0.08450651, -0.19315258, -0.22698102,
        -0.13206323, -0.11259729, -0.20866113, -0.29414355, -0.27334591,
         0.14372936]]), array([-0.72896134, -0.72896134])]
>>>>>>>>>>>>> printing intermediate parameters
[array([[-0.07627142,  0.05704318,  0.05503568,  0.31234864, -0.14971389,
        -0.13942242, -0.03961942,  0.25018578, -0.2739042 , -0.23178929,
        -0.30251429, -0.23621745, -0.08450651, -0.19315258, -0.22698102,
        -0.13206323, -0.11259729, -0.20866113, -0.29414355, -0.27334591,
         0.14372936],
       [-0.07627142,  0.05704318,  0.05503568,  0.31234864, -0.14971389,
        -0.13942242, -0.03961942,  0.25018578, -0.2739042 , -0.23178929,
        -0.30251429, -0.23621745, -0.08450651, -0.19315258, -0.22698102,
        -0.13206323, -0.11259729, -0.20866113, -0.29414355, -0.27334591,
         0.14372936]]), array([-0.72896134, -0.72896134])]
Training finished for round 15
>>>>>>>>>>>>> evaluating on client-side
>>>>>>>>>>>>> printing final parameters
[array([[-0.07770826,  0.06711098,  0.06522726,  0.33996601, -0.15828821,
        -0.14655653, -0.03838744,  0.26935542, -0.29216125, -0.24795104,
        -0.32220204, -0.25030653, -0.09028283, -0.20703617, -0.24315818,
        -0.1404537 , -0.12162165, -0.22466166, -0.31738295, -0.29509522,
         0.15466618],
       [-0.07770826,  0.06711098,  0.06522726,  0.33996601, -0.15828821,
        -0.14655653, -0.03838744,  0.26935542, -0.29216125, -0.24795104,
        -0.32220204, -0.25030653, -0.09028283, -0.20703617, -0.24315818,
        -0.1404537 , -0.12162165, -0.22466166, -0.31738295, -0.29509522,
         0.15466618]]), array([-0.78550791, -0.78550791])]
>>>>>>>>>>>>> printing intermediate parameters
[array([[-0.07770826,  0.06711098,  0.06522726,  0.33996601, -0.15828821,
        -0.14655653, -0.03838744,  0.26935542, -0.29216125, -0.24795104,
        -0.32220204, -0.25030653, -0.09028283, -0.20703617, -0.24315818,
        -0.1404537 , -0.12162165, -0.22466166, -0.31738295, -0.29509522,
         0.15466618],
       [-0.07770826,  0.06711098,  0.06522726,  0.33996601, -0.15828821,
        -0.14655653, -0.03838744,  0.26935542, -0.29216125, -0.24795104,
        -0.32220204, -0.25030653, -0.09028283, -0.20703617, -0.24315818,
        -0.1404537 , -0.12162165, -0.22466166, -0.31738295, -0.29509522,
         0.15466618]]), array([-0.78550791, -0.78550791])]
Training finished for round 16
>>>>>>>>>>>>> evaluating on client-side
>>>>>>>>>>>>> printing final parameters
[array([[-0.07760268,  0.07839847,  0.07643088,  0.36818465, -0.16613039,
        -0.15312303, -0.03659767,  0.28824038, -0.30984178, -0.26285989,
        -0.34085718, -0.26342042, -0.09573233, -0.22021124, -0.25853275,
        -0.14786673, -0.13078822, -0.24055762, -0.340588  , -0.31687086,
         0.16507383],
       [-0.07760268,  0.07839847,  0.07643088,  0.36818465, -0.16613039,
        -0.15312303, -0.03659767,  0.28824038, -0.30984178, -0.26285989,
        -0.34085718, -0.26342042, -0.09573233, -0.22021124, -0.25853275,
        -0.14786673, -0.13078822, -0.24055762, -0.340588  , -0.31687086,
         0.16507383]]), array([-0.8416497, -0.8416497])]
>>>>>>>>>>>>> printing intermediate parameters
[array([[-0.07760268,  0.07839847,  0.07643088,  0.36818465, -0.16613039,
        -0.15312303, -0.03659767,  0.28824038, -0.30984178, -0.26285989,
        -0.34085718, -0.26342042, -0.09573233, -0.22021124, -0.25853275,
        -0.14786673, -0.13078822, -0.24055762, -0.340588  , -0.31687086,
         0.16507383],
       [-0.07760268,  0.07839847,  0.07643088,  0.36818465, -0.16613039,
        -0.15312303, -0.03659767,  0.28824038, -0.30984178, -0.26285989,
        -0.34085718, -0.26342042, -0.09573233, -0.22021124, -0.25853275,
        -0.14786673, -0.13078822, -0.24055762, -0.340588  , -0.31687086,
         0.16507383]]), array([-0.8416497, -0.8416497])]
Training finished for round 17
>>>>>>>>>>>>> evaluating on client-side
>>>>>>>>>>>>> printing final parameters
[array([[-0.07449393,  0.09194058,  0.08969824,  0.39667282, -0.17216639,
        -0.15802005, -0.0334548 ,  0.30577858, -0.32549653, -0.27534755,
        -0.35651731, -0.27416862, -0.1004935 , -0.23163385, -0.27183106,
        -0.15319696, -0.13994313, -0.25570078, -0.36293192, -0.33796815,
         0.17369831],
       [-0.07449393,  0.09194058,  0.08969824,  0.39667282, -0.17216639,
        -0.15802005, -0.0334548 ,  0.30577858, -0.32549653, -0.27534755,
        -0.35651731, -0.27416862, -0.1004935 , -0.23163385, -0.27183106,
        -0.15319696, -0.13994313, -0.25570078, -0.36293192, -0.33796815,
         0.17369831]]), array([-0.89542847, -0.89542847])]
>>>>>>>>>>>>> printing intermediate parameters
[array([[-0.07449393,  0.09194058,  0.08969824,  0.39667282, -0.17216639,
        -0.15802005, -0.0334548 ,  0.30577858, -0.32549653, -0.27534755,
        -0.35651731, -0.27416862, -0.1004935 , -0.23163385, -0.27183106,
        -0.15319696, -0.13994313, -0.25570078, -0.36293192, -0.33796815,
         0.17369831],
       [-0.07449393,  0.09194058,  0.08969824,  0.39667282, -0.17216639,
        -0.15802005, -0.0334548 ,  0.30577858, -0.32549653, -0.27534755,
        -0.35651731, -0.27416862, -0.1004935 , -0.23163385, -0.27183106,
        -0.15319696, -0.13994313, -0.25570078, -0.36293192, -0.33796815,
         0.17369831]]), array([-0.89542847, -0.89542847])]
Training finished for round 18
>>>>>>>>>>>>> evaluating on client-side
>>>>>>>>>>>>> printing final parameters
[array([[-0.06880514,  0.10728021,  0.10511005,  0.42493361, -0.17634992,
        -0.16082048, -0.02904025,  0.32191007, -0.33882857, -0.28581534,
        -0.36873634, -0.28279986, -0.10463423, -0.2412179 , -0.28277701,
        -0.15660444, -0.1487728 , -0.26972899, -0.38367951, -0.35783375,
         0.18012323],
       [-0.06880514,  0.10728021,  0.10511005,  0.42493361, -0.17634992,
        -0.16082048, -0.02904025,  0.32191007, -0.33882857, -0.28581534,
        -0.36873634, -0.28279986, -0.10463423, -0.2412179 , -0.28277701,
        -0.15660444, -0.1487728 , -0.26972899, -0.38367951, -0.35783375,
         0.18012323]]), array([-0.94641695, -0.94641695])]
>>>>>>>>>>>>> printing intermediate parameters
[array([[-0.06880514,  0.10728021,  0.10511005,  0.42493361, -0.17634992,
        -0.16082048, -0.02904025,  0.32191007, -0.33882857, -0.28581534,
        -0.36873634, -0.28279986, -0.10463423, -0.2412179 , -0.28277701,
        -0.15660444, -0.1487728 , -0.26972899, -0.38367951, -0.35783375,
         0.18012323],
       [-0.06880514,  0.10728021,  0.10511005,  0.42493361, -0.17634992,
        -0.16082048, -0.02904025,  0.32191007, -0.33882857, -0.28581534,
        -0.36873634, -0.28279986, -0.10463423, -0.2412179 , -0.28277701,
        -0.15660444, -0.1487728 , -0.26972899, -0.38367951, -0.35783375,
         0.18012323]]), array([-0.94641695, -0.94641695])]
Training finished for round 19
>>>>>>>>>>>>> evaluating on client-side
>>>>>>>>>>>>> printing final parameters
[array([[-0.0616748 ,  0.12411685,  0.12162618,  0.45331096, -0.17918576,
        -0.16206393, -0.02370219,  0.33780698, -0.35093686, -0.29560603,
        -0.37902088, -0.29027847, -0.10838144, -0.25004531, -0.29265484,
        -0.15930353, -0.15725934, -0.28305599, -0.40339661, -0.37683296,
         0.18554057],
       [-0.0616748 ,  0.12411685,  0.12162618,  0.45331096, -0.17918576,
        -0.16206393, -0.02370219,  0.33780698, -0.35093686, -0.29560603,
        -0.37902088, -0.29027847, -0.10838144, -0.25004531, -0.29265484,
        -0.15930353, -0.15725934, -0.28305599, -0.40339661, -0.37683296,
         0.18554057]]), array([-0.99638585, -0.99638585])]
>>>>>>>>>>>>> printing intermediate parameters
[array([[-0.0616748 ,  0.12411685,  0.12162618,  0.45331096, -0.17918576,
        -0.16206393, -0.02370219,  0.33780698, -0.35093686, -0.29560603,
        -0.37902088, -0.29027847, -0.10838144, -0.25004531, -0.29265484,
        -0.15930353, -0.15725934, -0.28305599, -0.40339661, -0.37683296,
         0.18554057],
       [-0.0616748 ,  0.12411685,  0.12162618,  0.45331096, -0.17918576,
        -0.16206393, -0.02370219,  0.33780698, -0.35093686, -0.29560603,
        -0.37902088, -0.29027847, -0.10838144, -0.25004531, -0.29265484,
        -0.15930353, -0.15725934, -0.28305599, -0.40339661, -0.37683296,
         0.18554057]]), array([-0.99638585, -0.99638585])]
Training finished for round 20
>>>>>>>>>>>>> evaluating on client-side
>>>>>>>>>>>>> printing final parameters
[array([[-0.05312576,  0.1426328 ,  0.1382265 ,  0.48177699, -0.18048259,
        -0.16205401, -0.01808652,  0.3545954 , -0.36179364, -0.30603447,
        -0.38825043, -0.29686187, -0.11170137, -0.25862535, -0.30210095,
        -0.16188201, -0.16525867, -0.29584885, -0.42218288, -0.39490516,
         0.19087352],
       [-0.05312576,  0.1426328 ,  0.1382265 ,  0.48177699, -0.18048259,
        -0.16205401, -0.01808652,  0.3545954 , -0.36179364, -0.30603447,
        -0.38825043, -0.29686187, -0.11170137, -0.25862535, -0.30210095,
        -0.16188201, -0.16525867, -0.29584885, -0.42218288, -0.39490516,
         0.19087352]]), array([-1.04630114, -1.04630114])]
>>>>>>>>>>>>> printing intermediate parameters
[array([[-0.05312576,  0.1426328 ,  0.1382265 ,  0.48177699, -0.18048259,
        -0.16205401, -0.01808652,  0.3545954 , -0.36179364, -0.30603447,
        -0.38825043, -0.29686187, -0.11170137, -0.25862535, -0.30210095,
        -0.16188201, -0.16525867, -0.29584885, -0.42218288, -0.39490516,
         0.19087352],
       [-0.05312576,  0.1426328 ,  0.1382265 ,  0.48177699, -0.18048259,
        -0.16205401, -0.01808652,  0.3545954 , -0.36179364, -0.30603447,
        -0.38825043, -0.29686187, -0.11170137, -0.25862535, -0.30210095,
        -0.16188201, -0.16525867, -0.29584885, -0.42218288, -0.39490516,
         0.19087352]]), array([-1.04630114, -1.04630114])]
Training finished for round 21
>>>>>>>>>>>>> evaluating on client-side
>>>>>>>>>>>>> printing final parameters
[array([[-0.04592625,  0.16067322,  0.15495826,  0.51159147, -0.18324683,
        -0.16335305, -0.01213298,  0.37139079, -0.37501719, -0.31728385,
        -0.3999521 , -0.30475761, -0.11566309, -0.26857937, -0.31336129,
        -0.16555096, -0.17419253, -0.3100202 , -0.44327197, -0.4149801 ,
         0.19722972],
       [-0.04592625,  0.16067322,  0.15495826,  0.51159147, -0.18324683,
        -0.16335305, -0.01213298,  0.37139079, -0.37501719, -0.31728385,
        -0.3999521 , -0.30475761, -0.11566309, -0.26857937, -0.31336129,
        -0.16555096, -0.17419253, -0.3100202 , -0.44327197, -0.4149801 ,
         0.19722972]]), array([-1.10020733, -1.10020733])]
>>>>>>>>>>>>> printing intermediate parameters
[array([[-0.04592625,  0.16067322,  0.15495826,  0.51159147, -0.18324683,
        -0.16335305, -0.01213298,  0.37139079, -0.37501719, -0.31728385,
        -0.3999521 , -0.30475761, -0.11566309, -0.26857937, -0.31336129,
        -0.16555096, -0.17419253, -0.3100202 , -0.44327197, -0.4149801 ,
         0.19722972],
       [-0.04592625,  0.16067322,  0.15495826,  0.51159147, -0.18324683,
        -0.16335305, -0.01213298,  0.37139079, -0.37501719, -0.31728385,
        -0.3999521 , -0.30475761, -0.11566309, -0.26857937, -0.31336129,
        -0.16555096, -0.17419253, -0.3100202 , -0.44327197, -0.4149801 ,
         0.19722972]]), array([-1.10020733, -1.10020733])]
Training finished for round 22
>>>>>>>>>>>>> evaluating on client-side
>>>>>>>>>>>>> printing final parameters
[array([[-0.0385279 ,  0.17927796,  0.17200068,  0.54195296, -0.18584108,
        -0.16446948, -0.00594991,  0.38863164, -0.38844792, -0.32910825,
        -0.41197873, -0.31271384, -0.11964436, -0.27882267, -0.32494122,
        -0.16948307, -0.18318866, -0.32442094, -0.46464151, -0.43529925,
         0.20387222],
       [-0.0385279 ,  0.17927796,  0.17200068,  0.54195296, -0.18584108,
        -0.16446948, -0.00594991,  0.38863164, -0.38844792, -0.32910825,
        -0.41197873, -0.31271384, -0.11964436, -0.27882267, -0.32494122,
        -0.16948307, -0.18318866, -0.32442094, -0.46464151, -0.43529925,
         0.20387222]]), array([-1.15563, -1.15563])]
>>>>>>>>>>>>> printing intermediate parameters
[array([[-0.0385279 ,  0.17927796,  0.17200068,  0.54195296, -0.18584108,
        -0.16446948, -0.00594991,  0.38863164, -0.38844792, -0.32910825,
        -0.41197873, -0.31271384, -0.11964436, -0.27882267, -0.32494122,
        -0.16948307, -0.18318866, -0.32442094, -0.46464151, -0.43529925,
         0.20387222],
       [-0.0385279 ,  0.17927796,  0.17200068,  0.54195296, -0.18584108,
        -0.16446948, -0.00594991,  0.38863164, -0.38844792, -0.32910825,
        -0.41197873, -0.31271384, -0.11964436, -0.27882267, -0.32494122,
        -0.16948307, -0.18318866, -0.32442094, -0.46464151, -0.43529925,
         0.20387222]]), array([-1.15563, -1.15563])]
Training finished for round 23
>>>>>>>>>>>>> evaluating on client-side
>>>>>>>>>>>>> printing final parameters
[array([[-2.92127350e-02,  1.99102355e-01,  1.89365660e-01,
         5.71486715e-01, -1.86537511e-01, -1.64040688e-01,
        -2.74775045e-05,  4.06535758e-01, -3.99908819e-01,
        -3.40379309e-01, -4.22132365e-01, -3.19149367e-01,
        -1.22883161e-01, -2.87872862e-01, -3.34963147e-01,
        -1.72545322e-01, -1.91217513e-01, -3.37593394e-01,
        -4.83889830e-01, -4.53753374e-01,  2.10044213e-01],
       [-2.92127350e-02,  1.99102355e-01,  1.89365660e-01,
         5.71486715e-01, -1.86537511e-01, -1.64040688e-01,
        -2.74775045e-05,  4.06535758e-01, -3.99908819e-01,
        -3.40379309e-01, -4.22132365e-01, -3.19149367e-01,
        -1.22883161e-01, -2.87872862e-01, -3.34963147e-01,
        -1.72545322e-01, -1.91217513e-01, -3.37593394e-01,
        -4.83889830e-01, -4.53753374e-01,  2.10044213e-01]]), array([-1.20887766, -1.20887766])]
>>>>>>>>>>>>> printing intermediate parameters
[array([[-2.92127350e-02,  1.99102355e-01,  1.89365660e-01,
         5.71486715e-01, -1.86537511e-01, -1.64040688e-01,
        -2.74775045e-05,  4.06535758e-01, -3.99908819e-01,
        -3.40379309e-01, -4.22132365e-01, -3.19149367e-01,
        -1.22883161e-01, -2.87872862e-01, -3.34963147e-01,
        -1.72545322e-01, -1.91217513e-01, -3.37593394e-01,
        -4.83889830e-01, -4.53753374e-01,  2.10044213e-01],
       [-2.92127350e-02,  1.99102355e-01,  1.89365660e-01,
         5.71486715e-01, -1.86537511e-01, -1.64040688e-01,
        -2.74775045e-05,  4.06535758e-01, -3.99908819e-01,
        -3.40379309e-01, -4.22132365e-01, -3.19149367e-01,
        -1.22883161e-01, -2.87872862e-01, -3.34963147e-01,
        -1.72545322e-01, -1.91217513e-01, -3.37593394e-01,
        -4.83889830e-01, -4.53753374e-01,  2.10044213e-01]]), array([-1.20887766, -1.20887766])]
Training finished for round 24
>>>>>>>>>>>>> evaluating on client-side
>>>>>>>>>>>>> printing final parameters
[array([[-0.02088193,  0.21826498,  0.2073089 ,  0.6023775 , -0.18874279,
        -0.16476209,  0.00634141,  0.42379399, -0.41285668, -0.35094863,
        -0.43328004, -0.32667235, -0.12645599, -0.29736242, -0.34566943,
        -0.17566615, -0.20005505, -0.35173033, -0.50484239, -0.47383828,
         0.2166188 ],
       [-0.02088193,  0.21826498,  0.2073089 ,  0.6023775 , -0.18874279,
        -0.16476209,  0.00634141,  0.42379399, -0.41285668, -0.35094863,
        -0.43328004, -0.32667235, -0.12645599, -0.29736242, -0.34566943,
        -0.17566615, -0.20005505, -0.35173033, -0.50484239, -0.47383828,
         0.2166188 ]]), array([-1.26387884, -1.26387884])]
>>>>>>>>>>>>> printing intermediate parameters
[array([[-0.02088193,  0.21826498,  0.2073089 ,  0.6023775 , -0.18874279,
        -0.16476209,  0.00634141,  0.42379399, -0.41285668, -0.35094863,
        -0.43328004, -0.32667235, -0.12645599, -0.29736242, -0.34566943,
        -0.17566615, -0.20005505, -0.35173033, -0.50484239, -0.47383828,
         0.2166188 ],
       [-0.02088193,  0.21826498,  0.2073089 ,  0.6023775 , -0.18874279,
        -0.16476209,  0.00634141,  0.42379399, -0.41285668, -0.35094863,
        -0.43328004, -0.32667235, -0.12645599, -0.29736242, -0.34566943,
        -0.17566615, -0.20005505, -0.35173033, -0.50484239, -0.47383828,
         0.2166188 ]]), array([-1.26387884, -1.26387884])]
Training finished for round 25
>>>>>>>>>>>>> evaluating on client-side
>>>>>>>>>>>>> printing final parameters
[array([[-0.01184216,  0.23727315,  0.22582631,  0.63310569, -0.19086126,
        -0.16545734,  0.01245676,  0.44036316, -0.42476963, -0.36067349,
        -0.44344765, -0.33399189, -0.12968278, -0.30589073, -0.35527874,
        -0.17782743, -0.20878019, -0.36560913, -0.52533326, -0.49366599,
         0.22281936],
       [-0.01184216,  0.23727315,  0.22582631,  0.63310569, -0.19086126,
        -0.16545734,  0.01245676,  0.44036316, -0.42476963, -0.36067349,
        -0.44344765, -0.33399189, -0.12968278, -0.30589073, -0.35527874,
        -0.17782743, -0.20878019, -0.36560913, -0.52533326, -0.49366599,
         0.22281936]]), array([-1.31770618, -1.31770618])]
>>>>>>>>>>>>> printing intermediate parameters
[array([[-0.01184216,  0.23727315,  0.22582631,  0.63310569, -0.19086126,
        -0.16545734,  0.01245676,  0.44036316, -0.42476963, -0.36067349,
        -0.44344765, -0.33399189, -0.12968278, -0.30589073, -0.35527874,
        -0.17782743, -0.20878019, -0.36560913, -0.52533326, -0.49366599,
         0.22281936],
       [-0.01184216,  0.23727315,  0.22582631,  0.63310569, -0.19086126,
        -0.16545734,  0.01245676,  0.44036316, -0.42476963, -0.36067349,
        -0.44344765, -0.33399189, -0.12968278, -0.30589073, -0.35527874,
        -0.17782743, -0.20878019, -0.36560913, -0.52533326, -0.49366599,
         0.22281936]]), array([-1.31770618, -1.31770618])]
Training finished for round 26
>>>>>>>>>>>>> evaluating on client-side
>>>>>>>>>>>>> printing final parameters
[array([[-0.00173335,  0.25610083,  0.24517922,  0.66277056, -0.19238728,
        -0.16542804,  0.0181507 ,  0.45595904, -0.43438124, -0.36960342,
        -0.45157026, -0.34057939, -0.13233481, -0.31278932, -0.36284627,
        -0.17864721, -0.21685872, -0.37856306, -0.54416781, -0.51227572,
         0.22796247],
       [-0.00173335,  0.25610083,  0.24517922,  0.66277056, -0.19238728,
        -0.16542804,  0.0181507 ,  0.45595904, -0.43438124, -0.36960342,
        -0.45157026, -0.34057939, -0.13233481, -0.31278932, -0.36284627,
        -0.17864721, -0.21685872, -0.37856306, -0.54416781, -0.51227572,
         0.22796247]]), array([-1.36877903, -1.36877903])]
>>>>>>>>>>>>> printing intermediate parameters
[array([[-0.00173335,  0.25610083,  0.24517922,  0.66277056, -0.19238728,
        -0.16542804,  0.0181507 ,  0.45595904, -0.43438124, -0.36960342,
        -0.45157026, -0.34057939, -0.13233481, -0.31278932, -0.36284627,
        -0.17864721, -0.21685872, -0.37856306, -0.54416781, -0.51227572,
         0.22796247],
       [-0.00173335,  0.25610083,  0.24517922,  0.66277056, -0.19238728,
        -0.16542804,  0.0181507 ,  0.45595904, -0.43438124, -0.36960342,
        -0.45157026, -0.34057939, -0.13233481, -0.31278932, -0.36284627,
        -0.17864721, -0.21685872, -0.37856306, -0.54416781, -0.51227572,
         0.22796247]]), array([-1.36877903, -1.36877903])]
Training finished for round 27
>>>>>>>>>>>>> evaluating on client-side
>>>>>>>>>>>>> printing final parameters
DEBUG flwr 2023-11-03 22:39:22,585 | connection.py:139 | gRPC channel closed
INFO flwr 2023-11-03 22:39:22,585 | app.py:215 | Disconnect and shut down
[array([[ 0.00921898,  0.2748431 ,  0.26496496,  0.69108634, -0.19320138,
        -0.16461058,  0.02358449,  0.47044516, -0.44196458, -0.37791046,
        -0.4581889 , -0.34603221, -0.13445484, -0.31832658, -0.36870772,
        -0.17849945, -0.2242523 , -0.39052158, -0.5613265 , -0.52953268,
         0.23209463],
       [ 0.00921898,  0.2748431 ,  0.26496496,  0.69108634, -0.19320138,
        -0.16461058,  0.02358449,  0.47044516, -0.44196458, -0.37791046,
        -0.4581889 , -0.34603221, -0.13445484, -0.31832658, -0.36870772,
        -0.17849945, -0.2242523 , -0.39052158, -0.5613265 , -0.52953268,
         0.23209463]]), array([-1.41711312, -1.41711312])]
>>>>>>>>>>>>> printing intermediate parameters
[array([[ 0.00921898,  0.2748431 ,  0.26496496,  0.69108634, -0.19320138,
        -0.16461058,  0.02358449,  0.47044516, -0.44196458, -0.37791046,
        -0.4581889 , -0.34603221, -0.13445484, -0.31832658, -0.36870772,
        -0.17849945, -0.2242523 , -0.39052158, -0.5613265 , -0.52953268,
         0.23209463],
       [ 0.00921898,  0.2748431 ,  0.26496496,  0.69108634, -0.19320138,
        -0.16461058,  0.02358449,  0.47044516, -0.44196458, -0.37791046,
        -0.4581889 , -0.34603221, -0.13445484, -0.31832658, -0.36870772,
        -0.17849945, -0.2242523 , -0.39052158, -0.5613265 , -0.52953268,
         0.23209463]]), array([-1.41711312, -1.41711312])]
Training finished for round 28
>>>>>>>>>>>>> evaluating on client-side
>>>>>>>>>>>>> printing final parameters
[array([[ 0.0208696 ,  0.29402786,  0.28489025,  0.71888712, -0.19333511,
        -0.1632234 ,  0.02913324,  0.48447356, -0.44905299, -0.38548855,
        -0.46420326, -0.35067381, -0.13627379, -0.32331467, -0.37389438,
        -0.17797546, -0.23137984, -0.40193706, -0.57769036, -0.54605736,
         0.23571747],
       [ 0.0208696 ,  0.29402786,  0.28489025,  0.71888712, -0.19333511,
        -0.1632234 ,  0.02913324,  0.48447356, -0.44905299, -0.38548855,
        -0.46420326, -0.35067381, -0.13627379, -0.32331467, -0.37389438,
        -0.17797546, -0.23137984, -0.40193706, -0.57769036, -0.54605736,
         0.23571747]]), array([-1.46442109, -1.46442109])]
>>>>>>>>>>>>> printing intermediate parameters
[array([[ 0.0208696 ,  0.29402786,  0.28489025,  0.71888712, -0.19333511,
        -0.1632234 ,  0.02913324,  0.48447356, -0.44905299, -0.38548855,
        -0.46420326, -0.35067381, -0.13627379, -0.32331467, -0.37389438,
        -0.17797546, -0.23137984, -0.40193706, -0.57769036, -0.54605736,
         0.23571747],
       [ 0.0208696 ,  0.29402786,  0.28489025,  0.71888712, -0.19333511,
        -0.1632234 ,  0.02913324,  0.48447356, -0.44905299, -0.38548855,
        -0.46420326, -0.35067381, -0.13627379, -0.32331467, -0.37389438,
        -0.17797546, -0.23137984, -0.40193706, -0.57769036, -0.54605736,
         0.23571747]]), array([-1.46442109, -1.46442109])]
Training finished for round 29
>>>>>>>>>>>>> evaluating on client-side
>>>>>>>>>>>>> printing final parameters
[array([[ 0.03341314,  0.3138695 ,  0.3050469 ,  0.74618459, -0.19260696,
        -0.16117486,  0.03459621,  0.49866273, -0.4554975 , -0.39285475,
        -0.46970365, -0.35456669, -0.13777992, -0.32786177, -0.37850945,
        -0.17720785, -0.23812634, -0.41284114, -0.59320727, -0.56179742,
         0.23913218],
       [ 0.03341314,  0.3138695 ,  0.3050469 ,  0.74618459, -0.19260696,
        -0.16117486,  0.03459621,  0.49866273, -0.4554975 , -0.39285475,
        -0.46970365, -0.35456669, -0.13777992, -0.32786177, -0.37850945,
        -0.17720785, -0.23812634, -0.41284114, -0.59320727, -0.56179742,
         0.23913218]]), array([-1.51120145, -1.51120145])]
>>>>>>>>>>>>> printing intermediate parameters
[array([[ 0.03341314,  0.3138695 ,  0.3050469 ,  0.74618459, -0.19260696,
        -0.16117486,  0.03459621,  0.49866273, -0.4554975 , -0.39285475,
        -0.46970365, -0.35456669, -0.13777992, -0.32786177, -0.37850945,
        -0.17720785, -0.23812634, -0.41284114, -0.59320727, -0.56179742,
         0.23913218],
       [ 0.03341314,  0.3138695 ,  0.3050469 ,  0.74618459, -0.19260696,
        -0.16117486,  0.03459621,  0.49866273, -0.4554975 , -0.39285475,
        -0.46970365, -0.35456669, -0.13777992, -0.32786177, -0.37850945,
        -0.17720785, -0.23812634, -0.41284114, -0.59320727, -0.56179742,
         0.23913218]]), array([-1.51120145, -1.51120145])]
Training finished for round 30
>>>>>>>>>>>>> evaluating on client-side
>>>>>>>>>>>>> printing final parameters
[array([[ 0.04665483,  0.33425873,  0.32557815,  0.77300102, -0.19106854,
        -0.15842123,  0.04010059,  0.51302523, -0.461184  , -0.40043068,
        -0.47472416, -0.35786341, -0.13903599, -0.33212533, -0.38271834,
        -0.17637489, -0.24444022, -0.42324008, -0.60790073, -0.57676918,
         0.24253453],
       [ 0.04665483,  0.33425873,  0.32557815,  0.77300102, -0.19106854,
        -0.15842123,  0.04010059,  0.51302523, -0.461184  , -0.40043068,
        -0.47472416, -0.35786341, -0.13903599, -0.33212533, -0.38271834,
        -0.17637489, -0.24444022, -0.42324008, -0.60790073, -0.57676918,
         0.24253453]]), array([-1.55761965, -1.55761965])]
