INFO flwr 2023-11-03 22:38:34,288 | grpc.py:49 | Opened insecure gRPC connection (no certificates were passed)
DEBUG flwr 2023-11-03 22:38:34,290 | connection.py:42 | ChannelConnectivity.IDLE
DEBUG flwr 2023-11-03 22:38:34,292 | connection.py:42 | ChannelConnectivity.CONNECTING
DEBUG flwr 2023-11-03 22:38:34,293 | connection.py:42 | ChannelConnectivity.READY
===================
['AGE_[41.0, 57.0)', 'AGE_[57.0, 67.0)', 'AGE_[67.0, 78.0)', 'AGE_[78.0, 206.0)', 'PULSE_[68.5, 77.5)', 'PULSE_[77.5, 85.5)', 'PULSE_[85.5, 98.0)', 'PULSE_[98.0, 345.0)', 'BPDIASTOLIC_[62.5, 70.5)', 'BPDIASTOLIC_[70.5, 76.5)', 'BPDIASTOLIC_[76.5, 85.5)', 'BPDIASTOLIC_[85.5, 278.0)', 'BPSYSTOLIC_[113.5, 126.0)', 'BPSYSTOLIC_[126.0, 137.0)', 'BPSYSTOLIC_[137.0, 153.0)', 'BPSYSTOLIC_[153.0, 375.0)']
===================
>>>>>>>>>>>>> setting initial parameters
[[0. 0. 0. 0. 0. 0. 0. 0. 0. 0. 0. 0. 0. 0. 0. 0.]
 [0. 0. 0. 0. 0. 0. 0. 0. 0. 0. 0. 0. 0. 0. 0. 0.]]
>>>>>>>>>>>>> printing intermediate parameters
[array([[0., 0., 0., 0., 0., 0., 0., 0., 0., 0., 0., 0., 0., 0., 0., 0.],
       [0., 0., 0., 0., 0., 0., 0., 0., 0., 0., 0., 0., 0., 0., 0., 0.]]), array([0., 0.])]
Training finished for round 1
>>>>>>>>>>>>> evaluating on client-side
>>>>>>>>>>>>> printing final parameters
[array([[-0.00778457,  0.00086294,  0.00074284,  0.01807959, -0.01062797,
        -0.01031366, -0.00504635,  0.01470337, -0.00536456, -0.01184046,
        -0.01324665, -0.00814612, -0.00624694, -0.01157859, -0.01533151,
        -0.01453925],
       [-0.00778457,  0.00086294,  0.00074284,  0.01807959, -0.01062797,
        -0.01031366, -0.00504635,  0.01470337, -0.00536456, -0.01184046,
        -0.01324665, -0.00814612, -0.00624694, -0.01157859, -0.01533151,
        -0.01453925]]), array([-0.05308402, -0.05308402])]
>>>>>>>>>>>>> printing intermediate parameters
[array([[-0.00778457,  0.00086294,  0.00074284,  0.01807959, -0.01062797,
        -0.01031366, -0.00504635,  0.01470337, -0.00536456, -0.01184046,
        -0.01324665, -0.00814612, -0.00624694, -0.01157859, -0.01533151,
        -0.01453925],
       [-0.00778457,  0.00086294,  0.00074284,  0.01807959, -0.01062797,
        -0.01031366, -0.00504635,  0.01470337, -0.00536456, -0.01184046,
        -0.01324665, -0.00814612, -0.00624694, -0.01157859, -0.01533151,
        -0.01453925]]), array([-0.05308402, -0.05308402])]
Training finished for round 2
>>>>>>>>>>>>> evaluating on client-side
>>>>>>>>>>>>> printing final parameters
[array([[-0.01492255,  0.00265574,  0.00231348,  0.03665518, -0.02086211,
        -0.02023727, -0.0095056 ,  0.02944458, -0.01055321, -0.02348843,
        -0.0263017 , -0.01597013, -0.01238828, -0.02309773, -0.03078013,
        -0.02923227],
       [-0.01492255,  0.00265574,  0.00231348,  0.03665518, -0.02086211,
        -0.02023727, -0.0095056 ,  0.02944458, -0.01055321, -0.02348843,
        -0.0263017 , -0.01597013, -0.01238828, -0.02309773, -0.03078013,
        -0.02923227]]), array([-0.10605434, -0.10605434])]
>>>>>>>>>>>>> printing intermediate parameters
[array([[-0.01492255,  0.00265574,  0.00231348,  0.03665518, -0.02086211,
        -0.02023727, -0.0095056 ,  0.02944458, -0.01055321, -0.02348843,
        -0.0263017 , -0.01597013, -0.01238828, -0.02309773, -0.03078013,
        -0.02923227],
       [-0.01492255,  0.00265574,  0.00231348,  0.03665518, -0.02086211,
        -0.02023727, -0.0095056 ,  0.02944458, -0.01055321, -0.02348843,
        -0.0263017 , -0.01597013, -0.01238828, -0.02309773, -0.03078013,
        -0.02923227]]), array([-0.10605434, -0.10605434])]
Training finished for round 3
>>>>>>>>>>>>> evaluating on client-side
>>>>>>>>>>>>> printing final parameters
[array([[-0.02134995,  0.00543905,  0.0048064 ,  0.05568297, -0.03063648,
        -0.02968634, -0.01329702,  0.04416535, -0.01554017, -0.03488706,
        -0.03910514, -0.0234221 , -0.01840028, -0.03450143, -0.04629099,
        -0.04402865],
       [-0.02134995,  0.00543905,  0.0048064 ,  0.05568297, -0.03063648,
        -0.02968634, -0.01329702,  0.04416535, -0.01554017, -0.03488706,
        -0.03910514, -0.0234221 , -0.01840028, -0.03450143, -0.04629099,
        -0.04402865]]), array([-0.15872772, -0.15872772])]
>>>>>>>>>>>>> printing intermediate parameters
[array([[-0.02134995,  0.00543905,  0.0048064 ,  0.05568297, -0.03063648,
        -0.02968634, -0.01329702,  0.04416535, -0.01554017, -0.03488706,
        -0.03910514, -0.0234221 , -0.01840028, -0.03450143, -0.04629099,
        -0.04402865],
       [-0.02134995,  0.00543905,  0.0048064 ,  0.05568297, -0.03063648,
        -0.02968634, -0.01329702,  0.04416535, -0.01554017, -0.03488706,
        -0.03910514, -0.0234221 , -0.01840028, -0.03450143, -0.04629099,
        -0.04402865]]), array([-0.15872772, -0.15872772])]
Training finished for round 4
>>>>>>>>>>>>> evaluating on client-side
>>>>>>>>>>>>> printing final parameters
[array([[-0.02706851,  0.00919125,  0.00825957,  0.0750936 , -0.03992779,
        -0.03860858, -0.01638726,  0.05882201, -0.02032098, -0.0460071 ,
        -0.05162587, -0.03048995, -0.02427609, -0.04574619, -0.06180996,
        -0.05887496],
       [-0.02706851,  0.00919125,  0.00825957,  0.0750936 , -0.03992779,
        -0.03860858, -0.01638726,  0.05882201, -0.02032098, -0.0460071 ,
        -0.05162587, -0.03048995, -0.02427609, -0.04574619, -0.06180996,
        -0.05887496]]), array([-0.21098673, -0.21098673])]
>>>>>>>>>>>>> printing intermediate parameters
[array([[-0.02706851,  0.00919125,  0.00825957,  0.0750936 , -0.03992779,
        -0.03860858, -0.01638726,  0.05882201, -0.02032098, -0.0460071 ,
        -0.05162587, -0.03048995, -0.02427609, -0.04574619, -0.06180996,
        -0.05887496],
       [-0.02706851,  0.00919125,  0.00825957,  0.0750936 , -0.03992779,
        -0.03860858, -0.01638726,  0.05882201, -0.02032098, -0.0460071 ,
        -0.05162587, -0.03048995, -0.02427609, -0.04574619, -0.06180996,
        -0.05887496]]), array([-0.21098673, -0.21098673])]
Training finished for round 5
>>>>>>>>>>>>> evaluating on client-side
>>>>>>>>>>>>> printing final parameters
[array([[-0.0321451 ,  0.0138169 ,  0.01265067,  0.09481297, -0.04876017,
        -0.04699308, -0.01879406,  0.0733974 , -0.02491323, -0.05685442,
        -0.0638697 , -0.03720272, -0.03002743, -0.05681111, -0.07729717,
        -0.07372829],
       [-0.0321451 ,  0.0138169 ,  0.01265067,  0.09481297, -0.04876017,
        -0.04699308, -0.01879406,  0.0733974 , -0.02491323, -0.05685442,
        -0.0638697 , -0.03720272, -0.03002743, -0.05681111, -0.07729717,
        -0.07372829]]), array([-0.26281285, -0.26281285])]
>>>>>>>>>>>>> printing intermediate parameters
[array([[-0.0321451 ,  0.0138169 ,  0.01265067,  0.09481297, -0.04876017,
        -0.04699308, -0.01879406,  0.0733974 , -0.02491323, -0.05685442,
        -0.0638697 , -0.03720272, -0.03002743, -0.05681111, -0.07729717,
        -0.07372829],
       [-0.0321451 ,  0.0138169 ,  0.01265067,  0.09481297, -0.04876017,
        -0.04699308, -0.01879406,  0.0733974 , -0.02491323, -0.05685442,
        -0.0638697 , -0.03720272, -0.03002743, -0.05681111, -0.07729717,
        -0.07372829]]), array([-0.26281285, -0.26281285])]
Training finished for round 6
>>>>>>>>>>>>> evaluating on client-side
>>>>>>>>>>>>> printing final parameters
[array([[-0.03668464,  0.01918142,  0.01790889,  0.11478056, -0.05719096,
        -0.0548654 , -0.02057408,  0.08789875, -0.02934842, -0.06746225,
        -0.07587079, -0.04361674, -0.03567885, -0.06769918, -0.0927328 ,
        -0.08856365],
       [-0.03668464,  0.01918142,  0.01790889,  0.11478056, -0.05719096,
        -0.0548654 , -0.02057408,  0.08789875, -0.02934842, -0.06746225,
        -0.07587079, -0.04361674, -0.03567885, -0.06769918, -0.0927328 ,
        -0.08856365]]), array([-0.31427564, -0.31427564])]
>>>>>>>>>>>>> printing intermediate parameters
[array([[-0.03668464,  0.01918142,  0.01790889,  0.11478056, -0.05719096,
        -0.0548654 , -0.02057408,  0.08789875, -0.02934842, -0.06746225,
        -0.07587079, -0.04361674, -0.03567885, -0.06769918, -0.0927328 ,
        -0.08856365],
       [-0.03668464,  0.01918142,  0.01790889,  0.11478056, -0.05719096,
        -0.0548654 , -0.02057408,  0.08789875, -0.02934842, -0.06746225,
        -0.07587079, -0.04361674, -0.03567885, -0.06769918, -0.0927328 ,
        -0.08856365]]), array([-0.31427564, -0.31427564])]
Training finished for round 7
>>>>>>>>>>>>> evaluating on client-side
>>>>>>>>>>>>> printing final parameters
[array([[-0.04079402,  0.02514871,  0.0239305 ,  0.13495664, -0.0652885 ,
        -0.06227576, -0.02180658,  0.10234625, -0.03366069, -0.0778748 ,
        -0.0876737 , -0.04979421, -0.04125958, -0.07843189, -0.1081142 ,
        -0.10337317],
       [-0.04079402,  0.02514871,  0.0239305 ,  0.13495664, -0.0652885 ,
        -0.06227576, -0.02180658,  0.10234625, -0.03366069, -0.0778748 ,
        -0.0876737 , -0.04979421, -0.04125958, -0.07843189, -0.1081142 ,
        -0.10337317]]), array([-0.36549235, -0.36549235])]
>>>>>>>>>>>>> printing intermediate parameters
[array([[-0.04079402,  0.02514871,  0.0239305 ,  0.13495664, -0.0652885 ,
        -0.06227576, -0.02180658,  0.10234625, -0.03366069, -0.0778748 ,
        -0.0876737 , -0.04979421, -0.04125958, -0.07843189, -0.1081142 ,
        -0.10337317],
       [-0.04079402,  0.02514871,  0.0239305 ,  0.13495664, -0.0652885 ,
        -0.06227576, -0.02180658,  0.10234625, -0.03366069, -0.0778748 ,
        -0.0876737 , -0.04979421, -0.04125958, -0.07843189, -0.1081142 ,
        -0.10337317]]), array([-0.36549235, -0.36549235])]
Training finished for round 8
>>>>>>>>>>>>> evaluating on client-side
>>>>>>>>>>>>> printing final parameters
[array([[-0.04455517,  0.03160622,  0.03059517,  0.15532175, -0.07311456,
        -0.06928706, -0.0225798 ,  0.11676298, -0.03787862, -0.08813279,
        -0.09931794, -0.05578598, -0.04679797, -0.08904213, -0.12345013,
        -0.11816179],
       [-0.04455517,  0.03160622,  0.03059517,  0.15532175, -0.07311456,
        -0.06928706, -0.0225798 ,  0.11676298, -0.03787862, -0.08813279,
        -0.09931794, -0.05578598, -0.04679797, -0.08904213, -0.12345013,
        -0.11816179]]), array([-0.41658897, -0.41658897])]
>>>>>>>>>>>>> printing intermediate parameters
[array([[-0.04455517,  0.03160622,  0.03059517,  0.15532175, -0.07311456,
        -0.06928706, -0.0225798 ,  0.11676298, -0.03787862, -0.08813279,
        -0.09931794, -0.05578598, -0.04679797, -0.08904213, -0.12345013,
        -0.11816179],
       [-0.04455517,  0.03160622,  0.03059517,  0.15532175, -0.07311456,
        -0.06928706, -0.0225798 ,  0.11676298, -0.03787862, -0.08813279,
        -0.09931794, -0.05578598, -0.04679797, -0.08904213, -0.12345013,
        -0.11816179]]), array([-0.41658897, -0.41658897])]
Training finished for round 9
>>>>>>>>>>>>> evaluating on client-side
>>>>>>>>>>>>> printing final parameters
[array([[-0.04801176,  0.03847791,  0.03778728,  0.17587299, -0.08071387,
        -0.07596242, -0.02297746,  0.13116899, -0.04202152, -0.09826459,
        -0.1108292 , -0.06162243, -0.05231864, -0.0995669 , -0.13875563,
        -0.13294268],
       [-0.04801176,  0.03847791,  0.03778728,  0.17587299, -0.08071387,
        -0.07596242, -0.02297746,  0.13116899, -0.04202152, -0.09826459,
        -0.1108292 , -0.06162243, -0.05231864, -0.0995669 , -0.13875563,
        -0.13294268]]), array([-0.46767501, -0.46767501])]
>>>>>>>>>>>>> printing intermediate parameters
[array([[-0.04801176,  0.03847791,  0.03778728,  0.17587299, -0.08071387,
        -0.07596242, -0.02297746,  0.13116899, -0.04202152, -0.09826459,
        -0.1108292 , -0.06162243, -0.05231864, -0.0995669 , -0.13875563,
        -0.13294268],
       [-0.04801176,  0.03847791,  0.03778728,  0.17587299, -0.08071387,
        -0.07596242, -0.02297746,  0.13116899, -0.04202152, -0.09826459,
        -0.1108292 , -0.06162243, -0.05231864, -0.0995669 , -0.13875563,
        -0.13294268]]), array([-0.46767501, -0.46767501])]
Training finished for round 10
>>>>>>>>>>>>> evaluating on client-side
>>>>>>>>>>>>> printing final parameters
[array([[-0.05116585,  0.04572991,  0.04542038,  0.1966173 , -0.08810767,
        -0.08235062, -0.0230633 ,  0.14557545, -0.04609832, -0.10828116,
        -0.1222149 , -0.06731028, -0.05784049, -0.11003864, -0.15404611,
        -0.14773159],
       [-0.05116585,  0.04572991,  0.04542038,  0.1966173 , -0.08810767,
        -0.08235062, -0.0230633 ,  0.14557545, -0.04609832, -0.10828116,
        -0.1222149 , -0.06731028, -0.05784049, -0.11003864, -0.15404611,
        -0.14773159]]), array([-0.51882543, -0.51882543])]
>>>>>>>>>>>>> printing intermediate parameters
[array([[-0.05116585,  0.04572991,  0.04542038,  0.1966173 , -0.08810767,
        -0.08235062, -0.0230633 ,  0.14557545, -0.04609832, -0.10828116,
        -0.1222149 , -0.06731028, -0.05784049, -0.11003864, -0.15404611,
        -0.14773159],
       [-0.05116585,  0.04572991,  0.04542038,  0.1966173 , -0.08810767,
        -0.08235062, -0.0230633 ,  0.14557545, -0.04609832, -0.10828116,
        -0.1222149 , -0.06731028, -0.05784049, -0.11003864, -0.15404611,
        -0.14773159]]), array([-0.51882543, -0.51882543])]
Training finished for round 11
>>>>>>>>>>>>> evaluating on client-side
>>>>>>>>>>>>> printing final parameters
[array([[-0.05398101,  0.05336991,  0.05345413,  0.21756268, -0.09529006,
        -0.0884732 , -0.0228686 ,  0.15997784, -0.05010782, -0.11817338,
        -0.13346194, -0.07283316, -0.06337506, -0.12047695, -0.16933049,
        -0.16254002],
       [-0.05398101,  0.05336991,  0.05345413,  0.21756268, -0.09529006,
        -0.0884732 , -0.0228686 ,  0.15997784, -0.05010782, -0.11817338,
        -0.13346194, -0.07283316, -0.06337506, -0.12047695, -0.16933049,
        -0.16254002]]), array([-0.57006716, -0.57006716])]
>>>>>>>>>>>>> printing intermediate parameters
[array([[-0.05398101,  0.05336991,  0.05345413,  0.21756268, -0.09529006,
        -0.0884732 , -0.0228686 ,  0.15997784, -0.05010782, -0.11817338,
        -0.13346194, -0.07283316, -0.06337506, -0.12047695, -0.16933049,
        -0.16254002],
       [-0.05398101,  0.05336991,  0.05345413,  0.21756268, -0.09529006,
        -0.0884732 , -0.0228686 ,  0.15997784, -0.05010782, -0.11817338,
        -0.13346194, -0.07283316, -0.06337506, -0.12047695, -0.16933049,
        -0.16254002]]), array([-0.57006716, -0.57006716])]
Training finished for round 12
>>>>>>>>>>>>> evaluating on client-side
>>>>>>>>>>>>> printing final parameters
[array([[-0.05639148,  0.06143919,  0.06189516,  0.23871173, -0.10222954,
        -0.09431866, -0.02238878,  0.17435241, -0.05404061, -0.12791351,
        -0.14453811, -0.07815647, -0.06892622, -0.13088423, -0.18460577,
        -0.17736953],
       [-0.05639148,  0.06143919,  0.06189516,  0.23871173, -0.10222954,
        -0.09431866, -0.02238878,  0.17435241, -0.05404061, -0.12791351,
        -0.14453811, -0.07815647, -0.06892622, -0.13088423, -0.18460577,
        -0.17736953]]), array([-0.62137692, -0.62137692])]
>>>>>>>>>>>>> printing intermediate parameters
[array([[-0.05639148,  0.06143919,  0.06189516,  0.23871173, -0.10222954,
        -0.09431866, -0.02238878,  0.17435241, -0.05404061, -0.12791351,
        -0.14453811, -0.07815647, -0.06892622, -0.13088423, -0.18460577,
        -0.17736953],
       [-0.05639148,  0.06143919,  0.06189516,  0.23871173, -0.10222954,
        -0.09431866, -0.02238878,  0.17435241, -0.05404061, -0.12791351,
        -0.14453811, -0.07815647, -0.06892622, -0.13088423, -0.18460577,
        -0.17736953]]), array([-0.62137692, -0.62137692])]
Training finished for round 13
>>>>>>>>>>>>> evaluating on client-side
>>>>>>>>>>>>> printing final parameters
[array([[-0.05831929,  0.06999738,  0.07078014,  0.26006155, -0.10887802,
        -0.09984745, -0.02159155,  0.1886606 , -0.05788279, -0.1374634 ,
        -0.15540026, -0.08323825, -0.07449173, -0.14124805, -0.19985678,
        -0.19221035],
       [-0.05831929,  0.06999738,  0.07078014,  0.26006155, -0.10887802,
        -0.09984745, -0.02159155,  0.1886606 , -0.05788279, -0.1374634 ,
        -0.15540026, -0.08323825, -0.07449173, -0.14124805, -0.19985678,
        -0.19221035]]), array([-0.67269833, -0.67269833])]
>>>>>>>>>>>>> printing intermediate parameters
[array([[-0.05831929,  0.06999738,  0.07078014,  0.26006155, -0.10887802,
        -0.09984745, -0.02159155,  0.1886606 , -0.05788279, -0.1374634 ,
        -0.15540026, -0.08323825, -0.07449173, -0.14124805, -0.19985678,
        -0.19221035],
       [-0.05831929,  0.06999738,  0.07078014,  0.26006155, -0.10887802,
        -0.09984745, -0.02159155,  0.1886606 , -0.05788279, -0.1374634 ,
        -0.15540026, -0.08323825, -0.07449173, -0.14124805, -0.19985678,
        -0.19221035]]), array([-0.67269833, -0.67269833])]
Training finished for round 14
>>>>>>>>>>>>> evaluating on client-side
>>>>>>>>>>>>> printing final parameters
[array([[-0.05969883,  0.07910407,  0.08014545,  0.28161227, -0.11518687,
        -0.10500751, -0.02043362,  0.20286302, -0.06162119, -0.14679016,
        -0.16601042, -0.08804606, -0.0800654 , -0.15155022, -0.21506304,
        -0.2070463 ],
       [-0.05969883,  0.07910407,  0.08014545,  0.28161227, -0.11518687,
        -0.10500751, -0.02043362,  0.20286302, -0.06162119, -0.14679016,
        -0.16601042, -0.08804606, -0.0800654 , -0.15155022, -0.21506304,
        -0.2070463 ]]), array([-0.72397883, -0.72397883])]
>>>>>>>>>>>>> printing intermediate parameters
[array([[-0.05969883,  0.07910407,  0.08014545,  0.28161227, -0.11518687,
        -0.10500751, -0.02043362,  0.20286302, -0.06162119, -0.14679016,
        -0.16601042, -0.08804606, -0.0800654 , -0.15155022, -0.21506304,
        -0.2070463 ],
       [-0.05969883,  0.07910407,  0.08014545,  0.28161227, -0.11518687,
        -0.10500751, -0.02043362,  0.20286302, -0.06162119, -0.14679016,
        -0.16601042, -0.08804606, -0.0800654 , -0.15155022, -0.21506304,
        -0.2070463 ]]), array([-0.72397883, -0.72397883])]
Training finished for round 15
>>>>>>>>>>>>> evaluating on client-side
>>>>>>>>>>>>> printing final parameters
[array([[-0.06050089,  0.08880665,  0.0899929 ,  0.30338233, -0.12112413,
        -0.10975474, -0.01887932,  0.2169395 , -0.06524791, -0.15588497,
        -0.17635553, -0.09257451, -0.08563834, -0.16177962, -0.23021125,
        -0.22186467],
       [-0.06050089,  0.08880665,  0.0899929 ,  0.30338233, -0.12112413,
        -0.10975474, -0.01887932,  0.2169395 , -0.06524791, -0.15588497,
        -0.17635553, -0.09257451, -0.08563834, -0.16177962, -0.23021125,
        -0.22186467]]), array([-0.77521481, -0.77521481])]
>>>>>>>>>>>>> printing intermediate parameters
[array([[-0.06050089,  0.08880665,  0.0899929 ,  0.30338233, -0.12112413,
        -0.10975474, -0.01887932,  0.2169395 , -0.06524791, -0.15588497,
        -0.17635553, -0.09257451, -0.08563834, -0.16177962, -0.23021125,
        -0.22186467],
       [-0.06050089,  0.08880665,  0.0899929 ,  0.30338233, -0.12112413,
        -0.10975474, -0.01887932,  0.2169395 , -0.06524791, -0.15588497,
        -0.17635553, -0.09257451, -0.08563834, -0.16177962, -0.23021125,
        -0.22186467]]), array([-0.77521481, -0.77521481])]
Training finished for round 16
>>>>>>>>>>>>> evaluating on client-side
>>>>>>>>>>>>> printing final parameters
[array([[-0.06073971,  0.09913864,  0.10026934,  0.32542028, -0.12668264,
        -0.11406741, -0.01691418,  0.23090692, -0.06876232, -0.16477224,
        -0.18645736, -0.09685134, -0.09120059, -0.17194178, -0.24530419,
        -0.23666398],
       [-0.06073971,  0.09913864,  0.10026934,  0.32542028, -0.12668264,
        -0.11406741, -0.01691418,  0.23090692, -0.06876232, -0.16477224,
        -0.18645736, -0.09685134, -0.09120059, -0.17194178, -0.24530419,
        -0.23666398]]), array([-0.82647894, -0.82647894])]
>>>>>>>>>>>>> printing intermediate parameters
[array([[-0.06073971,  0.09913864,  0.10026934,  0.32542028, -0.12668264,
        -0.11406741, -0.01691418,  0.23090692, -0.06876232, -0.16477224,
        -0.18645736, -0.09685134, -0.09120059, -0.17194178, -0.24530419,
        -0.23666398],
       [-0.06073971,  0.09913864,  0.10026934,  0.32542028, -0.12668264,
        -0.11406741, -0.01691418,  0.23090692, -0.06876232, -0.16477224,
        -0.18645736, -0.09685134, -0.09120059, -0.17194178, -0.24530419,
        -0.23666398]]), array([-0.82647894, -0.82647894])]
Training finished for round 17
>>>>>>>>>>>>> evaluating on client-side
>>>>>>>>>>>>> printing final parameters
[array([[-0.06045444,  0.11011574,  0.1108812 ,  0.34779443, -0.13187417,
        -0.11794648, -0.01455172,  0.24482104, -0.07217005, -0.17349666,
        -0.19635951, -0.10092298, -0.0967459 , -0.18205677, -0.26035559,
        -0.25145078],
       [-0.06045444,  0.11011574,  0.1108812 ,  0.34779443, -0.13187417,
        -0.11794648, -0.01455172,  0.24482104, -0.07217005, -0.17349666,
        -0.19635951, -0.10092298, -0.0967459 , -0.18205677, -0.26035559,
        -0.25145078]]), array([-0.87789783, -0.87789783])]
>>>>>>>>>>>>> printing intermediate parameters
[array([[-0.06045444,  0.11011574,  0.1108812 ,  0.34779443, -0.13187417,
        -0.11794648, -0.01455172,  0.24482104, -0.07217005, -0.17349666,
        -0.19635951, -0.10092298, -0.0967459 , -0.18205677, -0.26035559,
        -0.25145078],
       [-0.06045444,  0.11011574,  0.1108812 ,  0.34779443, -0.13187417,
        -0.11794648, -0.01455172,  0.24482104, -0.07217005, -0.17349666,
        -0.19635951, -0.10092298, -0.0967459 , -0.18205677, -0.26035559,
        -0.25145078]]), array([-0.87789783, -0.87789783])]
Training finished for round 18
>>>>>>>>>>>>> evaluating on client-side
>>>>>>>>>>>>> printing final parameters
[array([[-0.05968881,  0.12171251,  0.12174964,  0.37054562, -0.13672351,
        -0.12141665, -0.01183562,  0.25874605, -0.07548192, -0.18209625,
        -0.20610159, -0.10483045, -0.10227551, -0.19214642, -0.27538007,
        -0.26623388],
       [-0.05968881,  0.12171251,  0.12174964,  0.37054562, -0.13672351,
        -0.12141665, -0.01183562,  0.25874605, -0.07548192, -0.18209625,
        -0.20610159, -0.10483045, -0.10227551, -0.19214642, -0.27538007,
        -0.26623388]]), array([-0.92957494, -0.92957494])]
>>>>>>>>>>>>> printing intermediate parameters
[array([[-0.05968881,  0.12171251,  0.12174964,  0.37054562, -0.13672351,
        -0.12141665, -0.01183562,  0.25874605, -0.07548192, -0.18209625,
        -0.20610159, -0.10483045, -0.10227551, -0.19214642, -0.27538007,
        -0.26623388],
       [-0.05968881,  0.12171251,  0.12174964,  0.37054562, -0.13672351,
        -0.12141665, -0.01183562,  0.25874605, -0.07548192, -0.18209625,
        -0.20610159, -0.10483045, -0.10227551, -0.19214642, -0.27538007,
        -0.26623388]]), array([-0.92957494, -0.92957494])]
Training finished for round 19
>>>>>>>>>>>>> evaluating on client-side
>>>>>>>>>>>>> printing final parameters
[array([[-0.05850052,  0.13383036,  0.13287968,  0.39362914, -0.14128309,
        -0.12455203, -0.00883796,  0.27270211, -0.07871596, -0.19058966,
        -0.21571171, -0.10859762, -0.10779842, -0.20222782, -0.29040598,
        -0.28103893],
       [-0.05850052,  0.13383036,  0.13287968,  0.39362914, -0.14128309,
        -0.12455203, -0.00883796,  0.27270211, -0.07871596, -0.19058966,
        -0.21571171, -0.10859762, -0.10779842, -0.20222782, -0.29040598,
        -0.28103893]]), array([-0.98152421, -0.98152421])]
>>>>>>>>>>>>> printing intermediate parameters
[array([[-0.05850052,  0.13383036,  0.13287968,  0.39362914, -0.14128309,
        -0.12455203, -0.00883796,  0.27270211, -0.07871596, -0.19058966,
        -0.21571171, -0.10859762, -0.10779842, -0.20222782, -0.29040598,
        -0.28103893],
       [-0.05850052,  0.13383036,  0.13287968,  0.39362914, -0.14128309,
        -0.12455203, -0.00883796,  0.27270211, -0.07871596, -0.19058966,
        -0.21571171, -0.10859762, -0.10779842, -0.20222782, -0.29040598,
        -0.28103893]]), array([-0.98152421, -0.98152421])]
Training finished for round 20
>>>>>>>>>>>>> evaluating on client-side
>>>>>>>>>>>>> printing final parameters
[array([[-0.05696792,  0.14630349,  0.14437502,  0.41691816, -0.14564285,
        -0.12748861, -0.00564761,  0.28664266, -0.08189444, -0.19897907,
        -0.22521182, -0.11222963, -0.11333155, -0.21231808, -0.3054906 ,
        -0.2959219 ],
       [-0.05696792,  0.14630349,  0.14437502,  0.41691816, -0.14564285,
        -0.12748861, -0.00564761,  0.28664266, -0.08189444, -0.19897907,
        -0.22521182, -0.11222963, -0.11333155, -0.21231808, -0.3054906 ,
        -0.2959219 ]]), array([-1.03367287, -1.03367287])]
>>>>>>>>>>>>> printing intermediate parameters
[array([[-0.05696792,  0.14630349,  0.14437502,  0.41691816, -0.14564285,
        -0.12748861, -0.00564761,  0.28664266, -0.08189444, -0.19897907,
        -0.22521182, -0.11222963, -0.11333155, -0.21231808, -0.3054906 ,
        -0.2959219 ],
       [-0.05696792,  0.14630349,  0.14437502,  0.41691816, -0.14564285,
        -0.12748861, -0.00564761,  0.28664266, -0.08189444, -0.19897907,
        -0.22521182, -0.11222963, -0.11333155, -0.21231808, -0.3054906 ,
        -0.2959219 ]]), array([-1.03367287, -1.03367287])]
Training finished for round 21
>>>>>>>>>>>>> evaluating on client-side
>>>>>>>>>>>>> printing final parameters
[array([[-0.05512713,  0.15897919,  0.15634307,  0.44027789, -0.14987238,
        -0.13035095, -0.00234099,  0.30048177, -0.08502089, -0.20723216,
        -0.23458615, -0.11569536, -0.11888886, -0.22242029, -0.32066811,
        -0.31091703],
       [-0.05512713,  0.15897919,  0.15634307,  0.44027789, -0.14987238,
        -0.13035095, -0.00234099,  0.30048177, -0.08502089, -0.20723216,
        -0.23458615, -0.11569536, -0.11888886, -0.22242029, -0.32066811,
        -0.31091703]]), array([-1.08585411, -1.08585411])]
>>>>>>>>>>>>> printing intermediate parameters
[array([[-0.05512713,  0.15897919,  0.15634307,  0.44027789, -0.14987238,
        -0.13035095, -0.00234099,  0.30048177, -0.08502089, -0.20723216,
        -0.23458615, -0.11569536, -0.11888886, -0.22242029, -0.32066811,
        -0.31091703],
       [-0.05512713,  0.15897919,  0.15634307,  0.44027789, -0.14987238,
        -0.13035095, -0.00234099,  0.30048177, -0.08502089, -0.20723216,
        -0.23458615, -0.11569536, -0.11888886, -0.22242029, -0.32066811,
        -0.31091703]]), array([-1.08585411, -1.08585411])]
Training finished for round 22
>>>>>>>>>>>>> evaluating on client-side
>>>>>>>>>>>>> printing final parameters
[array([[-0.05290226,  0.17180298,  0.16878198,  0.46363157, -0.15394524,
        -0.13315413,  0.00103899,  0.31414338, -0.08806286, -0.21526342,
        -0.24374526, -0.11891764, -0.1244684 , -0.23250138, -0.33587778,
        -0.32596651],
       [-0.05290226,  0.17180298,  0.16878198,  0.46363157, -0.15394524,
        -0.13315413,  0.00103899,  0.31414338, -0.08806286, -0.21526342,
        -0.24374526, -0.11891764, -0.1244684 , -0.23250138, -0.33587778,
        -0.32596651]]), array([-1.13780967, -1.13780967])]
>>>>>>>>>>>>> printing intermediate parameters
[array([[-0.05290226,  0.17180298,  0.16878198,  0.46363157, -0.15394524,
        -0.13315413,  0.00103899,  0.31414338, -0.08806286, -0.21526342,
        -0.24374526, -0.11891764, -0.1244684 , -0.23250138, -0.33587778,
        -0.32596651],
       [-0.05290226,  0.17180298,  0.16878198,  0.46363157, -0.15394524,
        -0.13315413,  0.00103899,  0.31414338, -0.08806286, -0.21526342,
        -0.24374526, -0.11891764, -0.1244684 , -0.23250138, -0.33587778,
        -0.32596651]]), array([-1.13780967, -1.13780967])]
Training finished for round 23
>>>>>>>>>>>>> evaluating on client-side
>>>>>>>>>>>>> printing final parameters
[array([[-0.05018004,  0.18478108,  0.18161842,  0.4869544 , -0.15778086,
        -0.13582236,  0.00447846,  0.32758839, -0.09098052, -0.22298043,
        -0.2525791 , -0.12182474, -0.13006134, -0.24250716, -0.35100061,
        -0.34095542],
       [-0.05018004,  0.18478108,  0.18161842,  0.4869544 , -0.15778086,
        -0.13582236,  0.00447846,  0.32758839, -0.09098052, -0.22298043,
        -0.2525791 , -0.12182474, -0.13006134, -0.24250716, -0.35100061,
        -0.34095542]]), array([-1.18931262, -1.18931262])]
>>>>>>>>>>>>> printing intermediate parameters
[array([[-0.05018004,  0.18478108,  0.18161842,  0.4869544 , -0.15778086,
        -0.13582236,  0.00447846,  0.32758839, -0.09098052, -0.22298043,
        -0.2525791 , -0.12182474, -0.13006134, -0.24250716, -0.35100061,
        -0.34095542],
       [-0.05018004,  0.18478108,  0.18161842,  0.4869544 , -0.15778086,
        -0.13582236,  0.00447846,  0.32758839, -0.09098052, -0.22298043,
        -0.2525791 , -0.12182474, -0.13006134, -0.24250716, -0.35100061,
        -0.34095542]]), array([-1.18931262, -1.18931262])]
Training finished for round 24
>>>>>>>>>>>>> evaluating on client-side
>>>>>>>>>>>>> printing final parameters
[array([[-0.04691288,  0.19791516,  0.19479913,  0.5102527 , -0.1613238 ,
        -0.1382623 ,  0.00798847,  0.34081597, -0.09375634, -0.23033844,
        -0.26102756, -0.1243994 , -0.13566173, -0.25239142, -0.3659382 ,
        -0.355789  ],
       [-0.04691288,  0.19791516,  0.19479913,  0.5102527 , -0.1613238 ,
        -0.1382623 ,  0.00798847,  0.34081597, -0.09375634, -0.23033844,
        -0.26102756, -0.1243994 , -0.13566173, -0.25239142, -0.3659382 ,
        -0.355789  ]]), array([-1.24027101, -1.24027101])]
>>>>>>>>>>>>> printing intermediate parameters
[array([[-0.04691288,  0.19791516,  0.19479913,  0.5102527 , -0.1613238 ,
        -0.1382623 ,  0.00798847,  0.34081597, -0.09375634, -0.23033844,
        -0.26102756, -0.1243994 , -0.13566173, -0.25239142, -0.3659382 ,
        -0.355789  ],
       [-0.04691288,  0.19791516,  0.19479913,  0.5102527 , -0.1613238 ,
        -0.1382623 ,  0.00798847,  0.34081597, -0.09375634, -0.23033844,
        -0.26102756, -0.1243994 , -0.13566173, -0.25239142, -0.3659382 ,
        -0.355789  ]]), array([-1.24027101, -1.24027101])]
Training finished for round 25
>>>>>>>>>>>>> evaluating on client-side
>>>>>>>>>>>>> printing final parameters
[array([[-0.04312259,  0.21119939,  0.20829749,  0.53356702, -0.16456238,
        -0.1404069 ,  0.01158968,  0.35386335, -0.09639464, -0.23734714,
        -0.26909151, -0.12667351, -0.14126776, -0.2621344 , -0.38064506,
        -0.37042431],
       [-0.04312259,  0.21119939,  0.20829749,  0.53356702, -0.16456238,
        -0.1404069 ,  0.01158968,  0.35386335, -0.09639464, -0.23734714,
        -0.26909151, -0.12667351, -0.14126776, -0.2621344 , -0.38064506,
        -0.37042431]]), array([-1.29073448, -1.29073448])]
>>>>>>>>>>>>> printing intermediate parameters
[array([[-0.04312259,  0.21119939,  0.20829749,  0.53356702, -0.16456238,
        -0.1404069 ,  0.01158968,  0.35386335, -0.09639464, -0.23734714,
        -0.26909151, -0.12667351, -0.14126776, -0.2621344 , -0.38064506,
        -0.37042431],
       [-0.04312259,  0.21119939,  0.20829749,  0.53356702, -0.16456238,
        -0.1404069 ,  0.01158968,  0.35386335, -0.09639464, -0.23734714,
        -0.26909151, -0.12667351, -0.14126776, -0.2621344 , -0.38064506,
        -0.37042431]]), array([-1.29073448, -1.29073448])]
Training finished for round 26
>>>>>>>>>>>>> evaluating on client-side
>>>>>>>>>>>>> printing final parameters
[array([[-0.03885833,  0.2246331 ,  0.22209007,  0.55695995, -0.16751197,
        -0.14222616,  0.01529436,  0.36679306, -0.0989101 , -0.24404702,
        -0.27680688, -0.12869792, -0.14688097, -0.27174258, -0.39511953,
        -0.38486103],
       [-0.03885833,  0.2246331 ,  0.22209007,  0.55695995, -0.16751197,
        -0.14222616,  0.01529436,  0.36679306, -0.0989101 , -0.24404702,
        -0.27680688, -0.12869792, -0.14688097, -0.27174258, -0.39511953,
        -0.38486103]]), array([-1.34083561, -1.34083561])]
>>>>>>>>>>>>> printing intermediate parameters
DEBUG flwr 2023-11-03 22:38:38,416 | connection.py:139 | gRPC channel closed
INFO flwr 2023-11-03 22:38:38,417 | app.py:215 | Disconnect and shut down
[array([[-0.03885833,  0.2246331 ,  0.22209007,  0.55695995, -0.16751197,
        -0.14222616,  0.01529436,  0.36679306, -0.0989101 , -0.24404702,
        -0.27680688, -0.12869792, -0.14688097, -0.27174258, -0.39511953,
        -0.38486103],
       [-0.03885833,  0.2246331 ,  0.22209007,  0.55695995, -0.16751197,
        -0.14222616,  0.01529436,  0.36679306, -0.0989101 , -0.24404702,
        -0.27680688, -0.12869792, -0.14688097, -0.27174258, -0.39511953,
        -0.38486103]]), array([-1.34083561, -1.34083561])]
Training finished for round 27
>>>>>>>>>>>>> evaluating on client-side
>>>>>>>>>>>>> printing final parameters
[array([[-0.03416354,  0.23822316,  0.23615112,  0.58049122, -0.17019539,
        -0.14371722,  0.01910144,  0.37967246, -0.10131899, -0.25048323,
        -0.28421595, -0.13051799, -0.15250477, -0.28123592, -0.40938093,
        -0.39911885],
       [-0.03416354,  0.23822316,  0.23615112,  0.58049122, -0.17019539,
        -0.14371722,  0.01910144,  0.37967246, -0.10131899, -0.25048323,
        -0.28421595, -0.13051799, -0.15250477, -0.28123592, -0.40938093,
        -0.39911885]]), array([-1.39071889, -1.39071889])]
>>>>>>>>>>>>> printing intermediate parameters
[array([[-0.03416354,  0.23822316,  0.23615112,  0.58049122, -0.17019539,
        -0.14371722,  0.01910144,  0.37967246, -0.10131899, -0.25048323,
        -0.28421595, -0.13051799, -0.15250477, -0.28123592, -0.40938093,
        -0.39911885],
       [-0.03416354,  0.23822316,  0.23615112,  0.58049122, -0.17019539,
        -0.14371722,  0.01910144,  0.37967246, -0.10131899, -0.25048323,
        -0.28421595, -0.13051799, -0.15250477, -0.28123592, -0.40938093,
        -0.39911885]]), array([-1.39071889, -1.39071889])]
Training finished for round 28
>>>>>>>>>>>>> evaluating on client-side
>>>>>>>>>>>>> printing final parameters
[array([[-0.02906429,  0.25198141,  0.25045668,  0.6042017 , -0.17263196,
        -0.14489127,  0.02300048,  0.39255848, -0.10363489, -0.25669147,
        -0.29135206, -0.13216406, -0.1581424 , -0.29063644, -0.42345268,
        -0.41322131],
       [-0.02906429,  0.25198141,  0.25045668,  0.6042017 , -0.17263196,
        -0.14489127,  0.02300048,  0.39255848, -0.10363489, -0.25669147,
        -0.29135206, -0.13216406, -0.1581424 , -0.29063644, -0.42345268,
        -0.41322131]]), array([-1.44049843, -1.44049843])]
>>>>>>>>>>>>> printing intermediate parameters
[array([[-0.02906429,  0.25198141,  0.25045668,  0.6042017 , -0.17263196,
        -0.14489127,  0.02300048,  0.39255848, -0.10363489, -0.25669147,
        -0.29135206, -0.13216406, -0.1581424 , -0.29063644, -0.42345268,
        -0.41322131],
       [-0.02906429,  0.25198141,  0.25045668,  0.6042017 , -0.17263196,
        -0.14489127,  0.02300048,  0.39255848, -0.10363489, -0.25669147,
        -0.29135206, -0.13216406, -0.1581424 , -0.29063644, -0.42345268,
        -0.41322131]]), array([-1.44049843, -1.44049843])]
Training finished for round 29
>>>>>>>>>>>>> evaluating on client-side
>>>>>>>>>>>>> printing final parameters
[array([[-0.02357163,  0.26592489,  0.26498599,  0.62811138, -0.17483363,
        -0.14576442,  0.02697853,  0.40549101, -0.10586732, -0.26269582,
        -0.29823728, -0.13365268, -0.16379452, -0.29996258, -0.43735573,
        -0.42718947],
       [-0.02357163,  0.26592489,  0.26498599,  0.62811138, -0.17483363,
        -0.14576442,  0.02697853,  0.40549101, -0.10586732, -0.26269582,
        -0.29823728, -0.13365268, -0.16379452, -0.29996258, -0.43735573,
        -0.42718947]]), array([-1.49024764, -1.49024764])]
>>>>>>>>>>>>> printing intermediate parameters
[array([[-0.02357163,  0.26592489,  0.26498599,  0.62811138, -0.17483363,
        -0.14576442,  0.02697853,  0.40549101, -0.10586732, -0.26269582,
        -0.29823728, -0.13365268, -0.16379452, -0.29996258, -0.43735573,
        -0.42718947],
       [-0.02357163,  0.26592489,  0.26498599,  0.62811138, -0.17483363,
        -0.14576442,  0.02697853,  0.40549101, -0.10586732, -0.26269582,
        -0.29823728, -0.13365268, -0.16379452, -0.29996258, -0.43735573,
        -0.42718947]]), array([-1.49024764, -1.49024764])]
Training finished for round 30
>>>>>>>>>>>>> evaluating on client-side
>>>>>>>>>>>>> printing final parameters
[array([[-0.01768928,  0.28008024,  0.27971901,  0.65222555, -0.17680462,
        -0.1463526 ,  0.03102698,  0.41849362, -0.1080215 , -0.26851325,
        -0.30488738, -0.13499214, -0.16945691, -0.30922828, -0.45110847,
        -0.44104157],
       [-0.01768928,  0.28008024,  0.27971901,  0.65222555, -0.17680462,
        -0.1463526 ,  0.03102698,  0.41849362, -0.1080215 , -0.26851325,
        -0.30488738, -0.13499214, -0.16945691, -0.30922828, -0.45110847,
        -0.44104157]]), array([-1.54000801, -1.54000801])]
